train	val
-0.04163987412430074	-0.04137839052409244
-0.04105923175149055	-0.04148462410155725
-0.04226665689419841	-0.04390688886630729
-0.047856244783406006	-0.048440935119491116
-0.05130834404585767	-0.04982151147546434
-0.051634467561221274	-0.05061082989582408
-0.05271928225758816	-0.05152611290254609
-0.05252800669160444	-0.05147821496503684
-0.05351720597785391	-0.05085825080647749
-0.05372668236279385	-0.049772033783108544
-0.05437587714740486	-0.05081659227804699
-0.05405955779859497	-0.05133777899392256
-0.05467714328045996	-0.05059604455032747
-0.054422209140194175	-0.051322852760391474
-0.0545184474052499	-0.05111941088309444
-0.05496305838534417	-0.05163015118362468
-0.054792134290620506	-0.05174914458072111
-0.054380127763452364	-0.05072510599971902
-0.05437724002820149	-0.051118661539662005
-0.055313393081834424	-0.052068526836663055
-0.0551833613736947	-0.05183232881842031
-0.05513395654122389	-0.051105268580845055
-0.055248496859348774	-0.052592708448687256
-0.055018504711902165	-0.05018858283850176
-0.055156827926796	-0.052215426621594875
-0.05537457913677174	-0.05253985286521401
-0.055759085527555693	-0.05211332305836722
-0.055903983187868406	-0.051807779416416955
-0.055503231969816984	-0.051660840252200885
-0.0553116748163265	-0.051521796010406386
-0.055935066899620633	-0.05215211308658501
-0.05607246791636911	-0.051627923139404217
-0.05597743074286718	-0.051335668068863145
-0.056229837830437474	-0.052280863115808304
-0.05612373566198792	-0.05107234009421926
-0.05613368792821196	-0.05136187464353972
-0.05649923501258962	-0.051547542776669626
-0.056289963512187284	-0.0517302329884271
-0.05646171593491936	-0.05131545014632262
-0.05627038015024188	-0.05186730854797175
-0.05633795881175416	-0.05201630537315154
-0.05661754300682799	-0.050770834377190176
-0.056686467681871806	-0.05144038762499359
-0.05707008274576144	-0.051755922282360534
-0.057025201745085	-0.05192004939774726
-0.056766731362932636	-0.0519565901193418
-0.05687111137324555	-0.0517218501947915
-0.05682739225724426	-0.05190471334708044
-0.057439250138523315	-0.050590532752336444
-0.057068164024196094	-0.052206332337239224
-0.05736062923688307	-0.05162638265430645
-0.05770283982752467	-0.05166287692262708
-0.057382415235710554	-0.05183635726663462
-0.05758908921219723	-0.05174538976234907
-0.05773728018461998	-0.05153014810720787
-0.057382304211893775	-0.052437512834448106
-0.05813166041452895	-0.051804185998004806
-0.05760937117796487	-0.05268236442131698
-0.05757104424446471	-0.052488798432918544
-0.05755366817439911	-0.052165733477474566
-0.0582862898352105	-0.05232630414954571
-0.057558487365388745	-0.0525459069000989
-0.05848282343335445	-0.05182697118771734
-0.058438134629668785	-0.05191549058209489
-0.05844873213554317	-0.052600082903721306
-0.05844369094043806	-0.052056219696518545
-0.058214801874588204	-0.05162555953732429
-0.05830719344499961	-0.05169406484431723
-0.05807020810937403	-0.052325767704052895
-0.05855618640346154	-0.05276373005764174
-0.05829146200283151	-0.05161852915530902
-0.05868044878889715	-0.05184606456864374
-0.05849623449835412	-0.05166097095427338
-0.058638901399038754	-0.05127259579574995
-0.05862069908237789	-0.05178014914690099
-0.05919839156535101	-0.051811373341032446
-0.0589344444486563	-0.05166000098013279
-0.05932393789702206	-0.052598789219306746
-0.0589226154391045	-0.052388361773020295
-0.0587349352363875	-0.0515182745293478
-0.058846364157762884	-0.05254709431891342
-0.05869461409737547	-0.05232506512952279
-0.05925932658370035	-0.05265014042443441
-0.059240467433963634	-0.05292478862272664
-0.059253748681885945	-0.053280851450237365
-0.059100681649905736	-0.053126025000523755
-0.059348467467632275	-0.05316139397307542
-0.05932190953555561	-0.05367592261861111
-0.05897255654154466	-0.052813043297070504
-0.05921320620739523	-0.05265027499831428
-0.05957790175567083	-0.05335867302150679
-0.059485924636056606	-0.05348199973506783
-0.059580907948383194	-0.05332787442589458
-0.05980930568475092	-0.05255202443899027
-0.0590900168951867	-0.05245425423369022
-0.05937522263649572	-0.053022712198116835
-0.05916548499201469	-0.05343368134978352
-0.05937043969596976	-0.05337520083317882
-0.05976630919095793	-0.05236965269103398
-0.05985777600221046	-0.05281798941467226
-0.059495567218415986	-0.0518893512615017
-0.05955583449462586	-0.05240023108291586
-0.059700556233814046	-0.05239856816894176
-0.059148040015971855	-0.05293951819028046
-0.059374421134028646	-0.051798634995783965
-0.059946530035895174	-0.05149235039799757
-0.05984085559163908	-0.052435174390559856
-0.060238985100408204	-0.05210555905336138
-0.05983819927388509	-0.05203012561871903
-0.06009550531352273	-0.05231305803772528
-0.059531583654817165	-0.05096074014669299
-0.060236246423907396	-0.05168178546542237
-0.06029748473752456	-0.05138467758552234
-0.06047881014842569	-0.05154209522641573
-0.060358432197576764	-0.05147332198495105
-0.0607344861593065	-0.05127799424560662
-0.06046121798829431	-0.051983719478344
-0.060268943342438146	-0.051820195834353565
-0.06037275941109151	-0.05177510659661576
-0.06071145155254795	-0.05130286443742211
-0.0604955117611106	-0.05220972170580713
-0.06061912254788146	-0.052226566922538714
-0.06028010159660005	-0.05198150075770354
-0.060737547045142753	-0.05214926878139937
-0.06054026842333471	-0.05140443737079693
-0.06128407289237843	-0.051983346778429466
-0.060804080706451505	-0.051697227967492106
-0.06045302313956906	-0.051802409439605485
-0.06102254912894257	-0.052002680905290075
-0.06079391376697661	-0.05185201387907707
-0.06077973901920543	-0.051821646093260516
-0.06121077288937284	-0.05166209966711434
-0.06082205920216247	-0.051539373834638975
-0.06075829718561128	-0.052093095335473474
-0.06078465233154513	-0.051958408242404365
-0.0606552561882721	-0.05157695588835468
-0.060874083817546124	-0.0513478243002589
-0.06122850101223814	-0.05186419170676386
-0.06127075651506426	-0.05190578582549381
-0.061201677157378204	-0.05153065653144422
-0.06123879175402422	-0.051946360284705735
-0.06088446253996972	-0.05187389397401235
-0.061104386171354566	-0.05151084076445624
-0.06142267897319599	-0.05270104052487481
-0.061371783651658025	-0.05203329188918353
-0.06148899427527393	-0.052409511179190044
-0.061326034930699116	-0.0523963205504422
-0.061172345895849266	-0.051948516610922243
-0.06138114976294413	-0.052140435612577966
-0.06160051823345835	-0.05183599559494741
-0.06135451476932454	-0.052550808355094084
-0.061445122762738766	-0.05253084690058197
-0.06175762681488941	-0.052052625049478524
-0.06137117726231113	-0.05244782276827414
-0.06098999228468595	-0.05242310069039869
-0.06168164758229887	-0.05248617869403889
-0.06166815355465288	-0.052630304283749825
-0.06136785885216908	-0.052187097369912075
-0.06180922224998963	-0.052478860582768114
-0.06156227252751739	-0.053135736341755634
-0.061451090079795614	-0.052647002833920285
-0.06157190041759543	-0.05234665685115549
-0.06159946063998703	-0.052289511773285155
-0.0616224985150694	-0.05274330345052805
-0.061443818704867925	-0.05279180946592001
-0.06186407003969064	-0.05278520437521306
-0.06199138526081336	-0.05302371596292667
-0.06157793445739211	-0.05270314186550309
-0.06193115635069601	-0.05232538635682072
-0.06198826227451258	-0.05284948704792437
-0.06152450520011642	-0.052674763734004704
-0.06189393574174967	-0.052261688302546495
-0.062166566983356944	-0.05253508659928557
-0.06133523019027807	-0.05245086971593039
-0.0620171507201159	-0.052603744392822324
-0.06250744102087091	-0.05217442938125463
-0.062156263741810845	-0.05216439730591376
-0.06219941186833887	-0.05246242874988554
-0.06197832225112103	-0.05262583224435795
-0.062332615249209335	-0.052611828218634867
-0.06252381854229506	-0.05244173806594655
-0.062193483722783556	-0.05224285262600759
-0.062157308383959164	-0.05299425473699928
-0.06227631009978752	-0.05284633479906612
-0.06227493381278224	-0.05254608678527535
-0.06256304171762718	-0.052905529478314145
-0.0623751698129794	-0.05262880673018177
-0.0623638258970053	-0.05236023242758049
-0.0625496854485686	-0.052365048370231905
-0.06236692538843574	-0.052628093459292334
-0.062465153451266436	-0.05283711057781114
-0.062335780995618144	-0.052495469863757756
-0.062147660238032774	-0.05258964175710458
-0.062393220675261075	-0.052706491207400445
-0.06247752529083614	-0.05270542159066692
-0.06227195194297762	-0.05292974424720265
-0.06221765632104022	-0.052450729884890676
-0.06251616540593413	-0.05280135283928193
-0.06262235516058837	-0.0528637578931918
-0.06242848835521565	-0.052411518496778026
-0.06250029746110503	-0.05246608835638624
-0.062079173021663686	-0.052395961115507705
-0.06260740953049643	-0.05282946069412064
-0.06222459112219789	-0.05231701990361012
-0.062184358617749076	-0.052325393206548214
-0.06227947291434172	-0.05241169179368374
-0.062140282335588264	-0.0523779783323496
-0.06297132245097356	-0.05229022062456739
-0.06195991892098825	-0.05298345430298714
-0.06243091410519983	-0.05277791712253298
-0.06237511259924386	-0.05281372497392988
-0.0627176589305153	-0.05258497712346419
-0.06273681678878931	-0.0519160877528535
-0.06282864009638933	-0.05210520689829098
-0.0628169573762861	-0.05243180619785527
-0.06222308175738553	-0.052585029732542206
-0.06270478200684998	-0.0523909500302565
-0.06221145313327917	-0.05269630740236465
-0.06279012945481711	-0.05227666956149466
-0.06291393165665098	-0.052295185419138177
-0.06293810317287603	-0.05233546448561707
-0.06304023962886048	-0.052547321732241546
-0.06278368876849351	-0.05245477415733966
-0.06239728827202109	-0.05228040579676891
-0.06307634978076519	-0.0523653848774131
-0.06259917991651733	-0.05240476194187112
-0.0628537045673989	-0.05228311599194823
-0.06297047764612651	-0.052244417591671484
-0.06270477268896608	-0.05261760472016429
-0.06278801376924713	-0.05253911267821131
-0.06256280847387843	-0.05251486676484649
-0.06279919176752824	-0.051937349415441515
-0.0627586629386009	-0.05215474380001923
-0.06278043029319035	-0.05207324647085264
-0.06304624136935894	-0.05239766057518836
-0.06282441453450983	-0.05254899340905361
-0.06298821794544933	-0.0524347803581029
-0.06288450080603446	-0.05234632863495948
-0.06303945897901674	-0.05229950796689062
-0.06311358376882115	-0.05230426666260071
-0.06253446029637376	-0.05237485782632294
-0.06274404307802219	-0.05231395581212145
-0.06299578028372359	-0.05287920210134624
-0.06279554725385085	-0.05252367620292056
-0.06306229927496708	-0.05264819565530678
-0.06306216511529213	-0.05238443778010108
-0.06317638365536563	-0.052417960877056406
-0.06295433063204804	-0.05281860087363848
-0.06259705752513464	-0.05273730863533075
-0.06294073740693458	-0.05224325673202392
-0.06318776249628814	-0.05214304790825559
-0.0625096118305917	-0.05257072575382006
-0.063025415928422	-0.05198913829413357
-0.06287377298667521	-0.052509546704699095
-0.06318929682948192	-0.052196616658474894
-0.0630875265099446	-0.052294254060245224
-0.06288621025907704	-0.052272053931772575
-0.06281213354889467	-0.05233620295038427
-0.06326069006114675	-0.05220336149418545
-0.06294290065139288	-0.052219699219769086
-0.06320700380163237	-0.051925141621416496
-0.0633775877097806	-0.052271202960363895
-0.06328601298367656	-0.05203191341845446
-0.06298783927777342	-0.051850419306129665
-0.0632643553027946	-0.05245693014972485
-0.06288268017606377	-0.051940625019773604
-0.06338648467796423	-0.0519425116413644
-0.06342739867050784	-0.052278003980316796
-0.0631552765694021	-0.052479284087599304
-0.06301537067375511	-0.05229929563102383
-0.06326633728756884	-0.05235171915718545
-0.06326824512934347	-0.05212795942465939
-0.06323252027231681	-0.051674222479856584
-0.06288998078060035	-0.051674427293469584
-0.06337001489163847	-0.052304161873812274
-0.06293812745685054	-0.05226275930028555
-0.06359878489270444	-0.05227989655522549
-0.06326186164808996	-0.052403065101021454
-0.06351876231057985	-0.05227114863161987
-0.06320665032644403	-0.05260167057165967
-0.06324490256622134	-0.05224513167725915
-0.06303100353354513	-0.05202345719666479
-0.06298495967862851	-0.05242563551189134
-0.06251930690837529	-0.05202995701706426
-0.06317990935397988	-0.05221204642402565
-0.0632378494202138	-0.05195963613051074
-0.06299589727658397	-0.05194164717917327
-0.06266732347483434	-0.051816345564113624
-0.06317686694836983	-0.051745045376998706
-0.06304923762816168	-0.05196154665066194
-0.06320788705660849	-0.05123428053961329
-0.06351792969511805	-0.05196942493809024
-0.0634078218268858	-0.05168894637906845
-0.06321978347522773	-0.051847440761893814
-0.06294284553364081	-0.05187609539300045
-0.0632738023927594	-0.05190140091610153
-0.06324164427066507	-0.05232824544602261
-0.063103326044406	-0.051800668284612966
-0.06316543861268877	-0.051729195770734884
-0.06302033561589515	-0.0520039464360345
-0.0633273559850851	-0.05183842825537875
-0.0632939721162855	-0.05161525517173418
-0.06356203938924519	-0.05163027972229128
-0.063440030551076	-0.051847546482782586
-0.06291988356305628	-0.05215553897923106
-0.06321039008133536	-0.05170692034746166
-0.06289275673170962	-0.051929947260953575
-0.06368043748226987	-0.05177250498990474
-0.06329753665697357	-0.05156808031104046
-0.06326386051149128	-0.0514123678256056
-0.06366645074917018	-0.05158155301246095
-0.06351119342353131	-0.05193750510766161
-0.06377697734573355	-0.05144439058134392
-0.06331653812058814	-0.05187795446062257
-0.0634334611360821	-0.05214246147807274
-0.06373307403705085	-0.051681129519646346
-0.06333039099937589	-0.05158231827766873
-0.06367119074971436	-0.051764127132621456
-0.06315894090609511	-0.05192442879895934
-0.06344831876474039	-0.052219146857229205
-0.06386139390676694	-0.05138725274584853
-0.06349575993348382	-0.051910803899026664
-0.06369949374757657	-0.05165452350234789
-0.06292676474724264	-0.05175558878870797
-0.06351426906220045	-0.05182712358498102
-0.06353819524657528	-0.05138480691889501
-0.06321354925189876	-0.05194164526548424
-0.0634858729667619	-0.05201082158541312
-0.0633311441896077	-0.05130067549117999
-0.06398658443911985	-0.051469693972761243
-0.06311286059562139	-0.05179758109040781
-0.06333073265576018	-0.05192959002867434
-0.0635251308254495	-0.05172088122276999
-0.06314022272805482	-0.05213574026571665
-0.06341942896846461	-0.051951591851781706
-0.0635737244396588	-0.0516265239994013
-0.0633851523024034	-0.051602248823321026
-0.06328944186299243	-0.0520385569308756
-0.06334598516590206	-0.052545308752690964
-0.06331986647297805	-0.052101945826955876
-0.06356640886816912	-0.052173563699472986
-0.0635822351236423	-0.05176020559346282
-0.06360846032556254	-0.052119042763411415
-0.06330717600887861	-0.05186360991169973
-0.0634904338263391	-0.05232093015186782
-0.06383559833479602	-0.052098626322472454
-0.06363679957912642	-0.051584483446521404
-0.06365104727458681	-0.051622194314331425
-0.06407165190695432	-0.05196291247211101
-0.06345358840167677	-0.051858860147996844
-0.06380978168593514	-0.0518218828234737
-0.06361366388874412	-0.051653145899403265
-0.06360076444033885	-0.052122457708509554
-0.06340882052486077	-0.051261538735398016
-0.06350392371573103	-0.051757341345957913
-0.06381494191876268	-0.05189753782890419
-0.06376616424914372	-0.05132322234700156
-0.06357526866110176	-0.05172409506812693
-0.06375850244775155	-0.051891693467661745
-0.06374649112986423	-0.05147226395489823
-0.06434557560854988	-0.05163655521688416
-0.06363988948097579	-0.05159785446406574
-0.06368477335408305	-0.05156047296041133
-0.06360641384842393	-0.05161835958296823
-0.0638041012549177	-0.05178147246565024
-0.0637012166172156	-0.0515431769145629
-0.06390618223294878	-0.05197051517824329
-0.06364712788349637	-0.05159134144681119
-0.0637576006361802	-0.05182206208355004
-0.06359119104366677	-0.05118289033276701
-0.06339359184911751	-0.051778903398591085
-0.06380030777260269	-0.0513380531475389
-0.0633862704132958	-0.051320180476956835
-0.06356726184416102	-0.051133861778291365
-0.06350178647242428	-0.051408095691737626
-0.06376399279582225	-0.05152200149354904
-0.06367656246693082	-0.05088622717361363
-0.06414148494388267	-0.050855532139526316
-0.06413495666140914	-0.05155597302211447
-0.06387007534754298	-0.051334325414761406
-0.06355501858219682	-0.05135306571396029
-0.06349644474646038	-0.051536049530656367
-0.06422476240881955	-0.051837913052903785
-0.06394120967964428	-0.05134733159386041
-0.06367939079991655	-0.05134444612160111
-0.06384458916947937	-0.051612584073469574
-0.06371706371733216	-0.051355631583632155
-0.06371885034934634	-0.05188106072844357
-0.06349420046963192	-0.05123218771294601
-0.06371425939532036	-0.05133600614766353
-0.06377181144125749	-0.051305197240337386
-0.06401721886974436	-0.05136112028824198
-0.06417814413012414	-0.051485481707998416
-0.06380374338321249	-0.05128668000757718
-0.06386011827766898	-0.05085078389414513
-0.06359738801177035	-0.05117420428380184
-0.06395142979126424	-0.05101867948441099
-0.06384328171106107	-0.05054605140744508
-0.06381622322626336	-0.0507832745812917
-0.06364953574268604	-0.05060728961913011
-0.06366127736594797	-0.05086246155403411
-0.06389635330949628	-0.051437032866754426
-0.06359335013069482	-0.05186449713840791
-0.06392549343645043	-0.05112601234416651
-0.06379837488012977	-0.05148664054811285
-0.06349260860096252	-0.051560743208278574
-0.0640049988582065	-0.05144017943128181
-0.06371748228855513	-0.0513422173406334
-0.06414175328288114	-0.051648352063769054
-0.0640232653839399	-0.05116213567672088
-0.06369756546568787	-0.05163912990991989
-0.06427506784598883	-0.05125577904001272
-0.0638854729538612	-0.05133576223387576
-0.06401720352367946	-0.051542896411225475
-0.06410157574368548	-0.05099909388935522
-0.06393721469852949	-0.05162977184994607
-0.06423986289185948	-0.05130031927218513
-0.06396620415277933	-0.05132971010421078
-0.06378387766697956	-0.05127473918543114
-0.0638038522718502	-0.05177608529164287
-0.06393719534124406	-0.05137194608964747
-0.06419964050179178	-0.05132748939622729
-0.0636777771929713	-0.05117588408156206
-0.06423108673488907	-0.05131744406947779
-0.06425596220091746	-0.05187651904528767
-0.06437107155014547	-0.051588491224383304
-0.06382106842779035	-0.051950284862693805
-0.0644057251470991	-0.051676581356329555
-0.06389914651630066	-0.051414534621988674
-0.06395391978813951	-0.051670233988023444
-0.06401520843231746	-0.05173001085562952
-0.06363228244738267	-0.05168753177555381
-0.06387132467699894	-0.0517471809944757
-0.06404735806968503	-0.05104268956227101
-0.06408080615475159	-0.051338400098259275
-0.06397808608837154	-0.05080230067052975
-0.06390691930344096	-0.05172209669726653
-0.06363601054470203	-0.051440231758586676
-0.06417587036854519	-0.051351555140037794
-0.06384345573862715	-0.051061192201310106
-0.063862293264943	-0.05115287201914802
-0.06374816861023941	-0.05090972092100546
-0.06366217366001098	-0.051964172732930504
-0.0643112727187833	-0.051643231256964815
-0.0639266718679754	-0.051906320952743036
-0.06433470697524735	-0.05118175033818856
-0.06426806600312568	-0.05134959072459793
-0.06427028887676531	-0.051597750410350786
-0.06416985665382878	-0.05244475571199107
-0.06426975217160168	-0.05167623434086699
-0.06395422217577439	-0.051596061111878776
-0.0637893192221106	-0.05129219036713353
-0.0639312964251131	-0.05156820737583347
-0.06433023436952358	-0.05139708433328958
-0.0638911921042785	-0.05115796116840903
-0.06418547357881574	-0.051464745814461525
-0.06427868270149333	-0.05154110412768035
-0.06413027696640948	-0.05161811936343447
-0.06424466630412554	-0.0516042031310033
-0.06412607281900735	-0.051217481426021304
-0.06429600917763743	-0.051134877493302276
-0.06403142959184562	-0.05176372207505961
-0.06431917073029313	-0.051271045589575744
-0.06427826599307537	-0.05142725022435941
-0.06424695157264906	-0.05211213382117079
-0.06371841697553052	-0.051202369421262724
-0.06438111586292933	-0.051431348788447406
-0.0638370219460407	-0.05128906670121352
-0.06419423869162685	-0.051517133105444694
-0.06395594984649737	-0.05160372911280823
-0.06386369390953778	-0.05163002874865564
-0.0640812129018108	-0.05194410929349263
-0.06400840524446473	-0.05152245415753433
-0.0641530879583655	-0.05147913673989824
-0.06419424714583112	-0.05180722587308049
-0.06420465670188429	-0.05156439967747072
-0.06442506066010689	-0.05212537780858667
-0.0641286864136472	-0.05096702610219721
-0.06424240792147763	-0.05179006873347833
-0.06405838376216337	-0.05115280064841252
-0.06409149401582286	-0.05104608037910042
-0.06436753995576008	-0.05161717414392504
-0.06384160530533585	-0.05107107797353307
-0.06453573339944133	-0.051524024505195165
-0.06433120877949702	-0.05119765760996564
-0.06402063274658218	-0.05128376300843901
-0.06416570924943923	-0.051090638670024544
-0.0640745305577057	-0.05112974573939287
-0.06402508540421582	-0.05141285168163197
-0.06412484187186772	-0.05135407320412317
-0.06381347372014162	-0.051079105712233765
-0.06425733979221349	-0.05176001998175722
-0.0644005276824985	-0.05133005878436152
-0.06450240278774555	-0.05150846138909901
-0.06435792612779105	-0.05166152034656647
-0.06418924239338483	-0.05176289518766396
-0.06416085878357698	-0.05212156189083895
-0.06428341752636942	-0.05173047732064739
-0.06395646419835262	-0.051480486809444
-0.0640829322283593	-0.0515717537703
-0.06436534022750921	-0.05130332562445888
-0.06443288269485935	-0.05200195025492091
-0.06457777850594303	-0.051691293641109005
-0.06412979057111257	-0.05161733534572332
-0.06420283534058292	-0.051279385412343725
-0.06418055727618321	-0.05207029968699288
-0.06438297129396373	-0.05210781878613694
-0.0645443692859199	-0.05136740941260405
-0.06400076429844585	-0.05152167557661829
-0.06428944059213025	-0.051639354672257866
-0.0644235682949545	-0.051047438166418865
-0.06439899652670071	-0.05088846118111935
-0.06449910937373214	-0.05106028845633659
-0.06431393407758244	-0.05122966516168055
-0.06447593740430521	-0.051074284695101176
-0.06432262672460555	-0.051096513225005975
-0.06479670340455339	-0.051431063362246475
-0.0644151514038626	-0.05161209319316487
-0.06421678366625268	-0.05114791297867483
-0.06444131883701508	-0.050174910420702615
-0.06440431462229766	-0.0517590900644295
-0.06456055984294246	-0.051662343850494875
-0.06425699562794109	-0.051333854233562445
-0.06454943266113197	-0.051375143417525235
-0.06432191902939109	-0.051315727330637835
-0.06415578128432035	-0.05121073668399537
-0.06420823762737417	-0.05177280717951149
-0.06423382203271798	-0.05159610639497741
-0.06443096181178101	-0.051645994749117366
-0.06417106882709962	-0.0516435925778559
-0.06395848231308203	-0.05161367624566468
-0.06424814348372823	-0.05198166924355793
-0.06440216067792227	-0.05200015270213275
-0.064263094871223	-0.05188042144307207
-0.06421071369709692	-0.05169585856399834
-0.06436724507199411	-0.05187309385315833
-0.06437328359359598	-0.05175901443165071
-0.06467105629287186	-0.05142956268123753
-0.06435449194869032	-0.05156527991756883
-0.0646046778661283	-0.05144813988103948
-0.06469349973376816	-0.05152422184060294
-0.06414272068498218	-0.05138617357976868
-0.06468807928243538	-0.051353405201643644
-0.06444067626476778	-0.05167010158624735
-0.06395991447516033	-0.05144766336880632
-0.06392870094071822	-0.05122324311631891
-0.06463160566084902	-0.050990993646267066
-0.06412659961211649	-0.05068209420658607
-0.06435857272294192	-0.051298834106751554
-0.06446323894353984	-0.05166715906610117
-0.06429317681039519	-0.05145734675871473
-0.06443267901747138	-0.051494273058307734
-0.06408056825270883	-0.05121158577472392
-0.06438585144066965	-0.05155100861958265
-0.06454510572572167	-0.0517469800498147
-0.0641493523777601	-0.05133331505553513
-0.06469349501770201	-0.05130204467756883
-0.06470981208206075	-0.05117826227450954
-0.06429007263820256	-0.05097749515825559
-0.06419563172619473	-0.05122522404805218
-0.0645197894459413	-0.05128406281271627
-0.06432926282085696	-0.051291227360958674
-0.06416788129704055	-0.05128397245050605
-0.06420721702319307	-0.05156602923884074
-0.06425163995497483	-0.05164697657701071
-0.06460516491885561	-0.0511114059507628
-0.0648094404284183	-0.05099833158184213
-0.06447031526324744	-0.05134975113917105
-0.06464165901383136	-0.05108095004026944
-0.06420014102243604	-0.05124893947458933
-0.0646109075110654	-0.051124421580337163
-0.06445569997420131	-0.05139627467034919
-0.06448685164583874	-0.05109951646697234
-0.06480670933186862	-0.05178149164373825
-0.06484776559721478	-0.051376915665040636
-0.06460055087205227	-0.05120172282628247
-0.06428699148494446	-0.05161189618558165
-0.06432229136609308	-0.05107875563691267
-0.06466665787685917	-0.05203027354105335
-0.06467812311597369	-0.05186501890839041
-0.0640768450613502	-0.051845921269978466
-0.06447867700227396	-0.0518704652298692
-0.06461101594568242	-0.05166757861463367
-0.06472017025559491	-0.05132739218734587
-0.06451175773884922	-0.05194124084812652
-0.0643620798287448	-0.05181847806185498
-0.06436961864317299	-0.05176084717943534
-0.064710841415691	-0.05232259245075817
-0.06484533089817614	-0.051853028011438526
-0.06426134370247188	-0.0520162477824222
-0.06421657054776908	-0.05121479645792111
-0.06458576840869479	-0.05172497665216085
-0.0646218284353717	-0.05147507872677381
-0.06492063965482027	-0.05113140464743603
-0.06466588436808057	-0.05112300388077594
-0.06436117679850326	-0.051544112201767696
-0.06483755983179797	-0.05155362642315916
-0.06401340568751979	-0.05142406577442672
-0.06447357873108903	-0.05175939542693991
-0.06450669709336994	-0.051506554672183257
-0.06444187977738061	-0.05147581507668259
-0.06425382705552195	-0.05184342921384743
-0.06485184271133558	-0.051663342821208436
-0.06452979807888236	-0.05135762770756149
-0.06429046199616748	-0.051948195988409426
-0.064570815314372	-0.05154664357441905
-0.06468176310779804	-0.051077233262724175
-0.06423296113722471	-0.05163058815948763
-0.06456833556313578	-0.051594901605312035
-0.06477942316108916	-0.051177663544616794
-0.06437444828958602	-0.05157252316043334
-0.06440990024238272	-0.05177693483439408
-0.0641907083946941	-0.05151072065140614
-0.06451844295814209	-0.05141563919312221
-0.0644442867675062	-0.05189723449884344
-0.0642398278051379	-0.05171652709896648
-0.06476965899275351	-0.05138929981032023
-0.06435630911583248	-0.051882567915788075
-0.06435399120613511	-0.05148937673261039
-0.06436901418033664	-0.051613720209887005
-0.0644459694865199	-0.05134071729485321
-0.06439705188732722	-0.051700664066765475
-0.0643398444821293	-0.05148539175285056
-0.06470024318559262	-0.05163626859618259
-0.06481495585859494	-0.05177552497641155
-0.0645291813211077	-0.05137727044845704
-0.06458460041325477	-0.0511152409935489
-0.06454003626507679	-0.051604761700177124
-0.06453107482369318	-0.05127567389989186
-0.06454812287896469	-0.051039771851810176
-0.06464970686298067	-0.05104180706178023
-0.06435953312108852	-0.05120295824557744
-0.06442571584121932	-0.05101304662089308
-0.06469154715714964	-0.051495826034919034
-0.06450708692913168	-0.05105160806596467
-0.06452328884293299	-0.051334873571788245
-0.06436708022497965	-0.05097006643790852
-0.064742308377181	-0.05062037673179295
-0.06468975775875654	-0.050942758725578706
-0.06494017461378929	-0.05098212110811712
-0.06463785289305787	-0.05129192510343976
-0.06473925984825368	-0.051017001380648394
-0.06461314870560018	-0.0511221140753401
-0.06466637095981852	-0.0504947111395703
-0.064411856612943	-0.05034415347060478
-0.06483572793138724	-0.050630672437767005
-0.06435607246654625	-0.050815013683497216
-0.06449867176171559	-0.05042629724187251
-0.06464303687678447	-0.050931469268838084
-0.06454073036124029	-0.05067799388434087
-0.06465058115776182	-0.05061447230762835
-0.06471407049538838	-0.05055893885409413
-0.06441336234519475	-0.050061400446341636
-0.06446678665994891	-0.050471021084822126
-0.06470914437887447	-0.05013467087291741
-0.06462529086345274	-0.0509740989289515
-0.0644683746689917	-0.05069149814573553
-0.06486409227646618	-0.05097085510678916
-0.06437275502414658	-0.050462422198559294
-0.06460552972776888	-0.0509490445727537
-0.06436221038267569	-0.05030457911362101
-0.06448604423853833	-0.050461321106742965
-0.06493871374461391	-0.05047569044343971
-0.06439097684884959	-0.05052426355692629
-0.06481814271092412	-0.05028725863204259
-0.06462084773218806	-0.05100717671753768
-0.0643787930748012	-0.05050002725302667
-0.06452995579334954	-0.050754840951206213
-0.064635736648904	-0.05027853040856291
-0.0645345261101523	-0.051227060163919286
-0.0646466115884519	-0.050683448580634144
-0.06446156301987345	-0.05078068057833173
-0.06458738907420612	-0.05053601528068733
-0.06499735514036971	-0.05097032735434238
-0.06496933187451978	-0.05105056559198849
-0.06449948638828987	-0.051052604068725936
-0.06470056601678212	-0.05146223267653234
-0.06464845152277422	-0.05142579828462142
-0.0643913792903923	-0.05120646525143758
-0.06494081043221352	-0.05056674590434539
-0.06467513080589953	-0.05112873951161182
-0.06439091380473327	-0.05143259067788375
-0.0646761855258884	-0.05099097533200705
-0.06465364670097787	-0.05098378820968757
-0.0648286527907139	-0.051343220900107775
-0.0647057251710081	-0.051014169999680455
-0.06464864588181016	-0.05097368100973742
-0.06448488874816198	-0.05111522502572538
-0.06481157777007367	-0.05135997887287444
-0.06470404421279864	-0.05091684339139074
-0.06412792396661482	-0.05130893013248337
-0.06445899104444651	-0.051215964479189684
-0.06470587519977376	-0.05136905284391488
-0.06436640020854754	-0.05127020379436706
-0.06466813408204669	-0.05170151209094508
-0.06467237102145161	-0.05122072020385017
-0.06468944561429736	-0.05085743399382485
-0.06470605432974931	-0.050856157425527806
-0.06474138286442138	-0.05086460660486507
-0.06438033117289856	-0.050568439124596236
-0.06497982424989807	-0.051006497838799084
-0.0643169656511664	-0.05093396305087452
-0.06484954125169169	-0.051288784968634746
-0.06467352191916344	-0.05094856553626548
-0.06505483145800865	-0.05116597708844024
-0.06467411202264173	-0.050543515330021244
-0.06432834937522602	-0.051005554139383125
-0.06488183130344564	-0.05060339535022364
-0.06445326207769532	-0.05076068150142365
-0.0651353605264602	-0.05045798566010763
-0.06450259812305581	-0.05096840375187406
-0.0646887089797133	-0.05091651792136513
-0.06441115020684471	-0.050949560719309776
-0.06457802171213121	-0.05064042584909372
-0.0648393667833204	-0.05042690293523567
-0.06459024377765825	-0.05097118286416017
-0.06460504802339453	-0.05066485079929543
-0.06462816297995855	-0.05079535243512633
-0.06490919638782668	-0.05084688560645122
-0.06464589689688141	-0.050555147551580186
-0.06433044434561597	-0.05113094214055346
-0.06440865975764747	-0.05061347631721672
-0.06455637211983369	-0.05128768381915488
-0.06463941372203882	-0.05112429520770494
-0.0643596044406408	-0.050536026725918046
-0.06465465269915852	-0.05098374061899371
-0.06452737992077091	-0.05040453579499823
-0.06479609754699901	-0.05071960947050203
-0.06451015835912256	-0.05128900965718545
-0.0648734381045174	-0.05119551994579727
-0.06430214210101223	-0.0508073717915295
-0.0646212696983401	-0.05087532728586057
-0.06478698025874399	-0.05051865472604939
-0.0643429320088038	-0.05053158437442006
-0.0647060638908109	-0.05049144898735038
-0.06471477131672579	-0.05068638981232257
-0.06460254151430488	-0.05042905306850224
-0.06399272936711692	-0.05039693712964266
-0.06464801226265003	-0.05051737360819977
-0.06430534016856976	-0.05044661168841849
-0.0647611697668958	-0.049988573992311984
-0.06466934200706001	-0.0495814050703691
-0.06467488958594901	-0.05053256220221326
-0.0645325286121329	-0.050294673499526585
-0.06476563747164046	-0.05026856708982397
-0.06511115188097337	-0.05053756774177457
-0.06467168208855233	-0.050256978103944985
-0.06421477062056044	-0.050088221582399346
-0.06461998876809417	-0.04987161755439465
-0.06470172868071056	-0.05014939195839845
-0.0646725836902898	-0.05011273039915643
-0.06475012563410484	-0.04998877797492115
-0.06452475099268627	-0.05022418593742864
-0.06454663788502182	-0.050605173478982024
-0.06432118792634663	-0.050507047478309905
-0.0645477053508594	-0.050435028851863226
-0.064450017599282	-0.05055089086706579
-0.06462502123052448	-0.05040340974818591
-0.06435037638632038	-0.050525182782146655
-0.06445201157981584	-0.04993529094341063
-0.06467138807512626	-0.05065566559426749
-0.06469612747081745	-0.05037823012909455
-0.06441042709729097	-0.050363721600533665
-0.06470219551560337	-0.050568282092366974
-0.06442276380817384	-0.05147487669676494
-0.0647269035824912	-0.0508171665993416
-0.06448323035451965	-0.05073383764546192
-0.06461778209710216	-0.050771418730735554
-0.06436424782561719	-0.050629719945240424
-0.06495578897933946	-0.050662520081933955
-0.06461840638389661	-0.05048699646437313
-0.06435708987185225	-0.050449082644834484
-0.06470347273615433	-0.05093126473451087
-0.06456413133287237	-0.050880663470096135
-0.0642980175918922	-0.051309941712409296
-0.06503123042562728	-0.051354472215324846
-0.06453552428840748	-0.05090598739858111
-0.06460346129102522	-0.05064471756668946
-0.06481922509584372	-0.05135027426766338
-0.06466954488475728	-0.05116775207078766
-0.06452495964025658	-0.05056052196412436
-0.06476032173216845	-0.05113834386204395
-0.06446907309487847	-0.05133731337818551
-0.06445612274484352	-0.051133736385308944
-0.06432835690892541	-0.050927309365098296
-0.06439979805703755	-0.05108300313205042
-0.06434123330900739	-0.05100916434330426
-0.06455341408249639	-0.051041624907035704
-0.06446639258691467	-0.050378037018807706
-0.06451048104013381	-0.05111838632300444
-0.06457117140022778	-0.05117000590313215
-0.0641399280749469	-0.05108426389446272
-0.06479902562558174	-0.05154364402867702
-0.06455460663758426	-0.050941170423528866
-0.06415763661376829	-0.051199304985378516
-0.06440342410636825	-0.05092696404147467
-0.06403284849516616	-0.05160306091495072
-0.06427923734617341	-0.050990449564601074
-0.06483424760117064	-0.050598758445919545
-0.06457774026115932	-0.050471711118180926
-0.06435342746826948	-0.05053752380454846
-0.06456348992782796	-0.051419873809100326
-0.06437031613677163	-0.0508789517498744
-0.06447066619737674	-0.05122203518535409
-0.0644954120358944	-0.051215472998403594
-0.0644508972883802	-0.05089424659571811
-0.06462365579220601	-0.05033966127998955
-0.06425506820117707	-0.05063383206132376
-0.06449938387958982	-0.0509793666881117
-0.06463068920406036	-0.05084775483322817
-0.06432236649134576	-0.050750220257116986
-0.06463075270441439	-0.05061753273403181
-0.0644740043764176	-0.050786559508434165
-0.06460994248266416	-0.05058113199823553
-0.06452458740046405	-0.05038065884859377
-0.06466941804756764	-0.05040470651627229
-0.06448974726238067	-0.05067339852318927
-0.06422978177230199	-0.050767165677983055
-0.06468793150296683	-0.05066658173264555
-0.06468102883894998	-0.050833024216459785
-0.06414013191207323	-0.05116106216591681
-0.06463521102122889	-0.05116433333967661
-0.0641794074412516	-0.05132248706275697
-0.06466372703214213	-0.05132942014514579
-0.06466459116575332	-0.051122368540197846
-0.0642783165365903	-0.05098550980162329
-0.0644898009984974	-0.0516792102283547
-0.06438214355702733	-0.051224964444906575
-0.06451329123160844	-0.05103302858848231
-0.06443727552996413	-0.051486327125100595
-0.06430711959666055	-0.050878214914098226
-0.06450281971046487	-0.051086651452230764
-0.06437616349120664	-0.05143091495351654
-0.06457484264382948	-0.05142850293350893
-0.06402116573337693	-0.05127831302019028
-0.0644062994033537	-0.051062321549815236
-0.06448396676154687	-0.051021408689999964
-0.06416657157767044	-0.05111479745267157
-0.06466339872364862	-0.05074219188058572
-0.06437255273739285	-0.05088439971257897
-0.06486172840936213	-0.0506239023178765
-0.0644215612320044	-0.05103026169854908
-0.06446170776075924	-0.05052079901571056
-0.0643417862016795	-0.05079951795967859
-0.0645063096015898	-0.05133706702026751
-0.06464325061724346	-0.05087174951104091
-0.06428776657721855	-0.0506775245322541
-0.06442090397097977	-0.05104944382917238
-0.06451876227752369	-0.051317362630000515
-0.06442732773689133	-0.05120217232942222
-0.06432701901763085	-0.05083579756313216
-0.06402748619271795	-0.051018688659760725
-0.06427667847306683	-0.05040603454673358
-0.06459216625329386	-0.05063281288063297
-0.0643314735968186	-0.05051548738474377
-0.0642571427800457	-0.05071247285780377
-0.0642608403287294	-0.051109849906376424
-0.06443182728671824	-0.050434913363136775
-0.06481943268948849	-0.05129132121491968
-0.06453368393701824	-0.05128614413640008
-0.06475229204227456	-0.050994102642448955
-0.06388430598437708	-0.05058499036095845
-0.06411089762019836	-0.05073454906126581
-0.06448544780083285	-0.050492655975105216
-0.06445313352919504	-0.051129528579306895
-0.06448021189711405	-0.05110219193581939
-0.06426646841063649	-0.05109433029282344
-0.06418930626320529	-0.051289663803301425
-0.06426767015705045	-0.05151255553486346
-0.06454839493686368	-0.05155759627905452
-0.06430854786046125	-0.05129040199226777
-0.06435516247456138	-0.051355889300473224
-0.06411716536994382	-0.05126125766656485
-0.06453032206270916	-0.051282176227617854
-0.0645399864564572	-0.05098804138810078
-0.06419485809914782	-0.05123677441306984
-0.06447983456417876	-0.05136429750199422
-0.06454843459973998	-0.05109175928397043
-0.0643942103497744	-0.05091606228614594
-0.06427996662142205	-0.051173974861655
-0.06488164006442318	-0.05101848418121256
-0.06435358452814903	-0.05089011848956787
-0.06425877852030785	-0.05066215493121304
-0.06444755282493057	-0.05106029728886735
-0.06432012752585202	-0.051166352659837266
-0.06445369816242974	-0.05096417760295686
-0.06430687205405179	-0.05018458542312247
-0.06440517480539117	-0.05067098846588019
-0.06443833655400052	-0.051202043674043636
-0.06439822407937981	-0.05091018135074139
-0.0643705659584487	-0.0504987894042627
-0.0646239870631615	-0.05062798531118423
-0.06430020692534374	-0.0503904475682659
-0.06439954459736573	-0.051036020322835156
-0.06447239736496403	-0.05107533402792575
-0.06441320017695346	-0.05078290587599675
-0.06418013185534595	-0.0506361976144838
-0.06414164257253555	-0.05071382384294215
-0.06451727133418052	-0.05063671074288867
-0.06452620674364386	-0.0500180195522709
-0.0642074545535107	-0.05060388448469865
-0.06439440800714413	-0.05073587217424342
-0.06397597616962966	-0.05046216078099937
-0.06444400566223756	-0.051283685310018645
-0.06388645792901895	-0.05110311999194359
-0.06469997479361257	-0.05100880373703453
-0.06438595996478577	-0.0509292102027645
-0.06460815845389604	-0.051192356279562076
-0.06433665498748643	-0.0510632714779813
-0.06475981586607558	-0.051209940109189875
-0.06419722513217117	-0.051457524732192964
-0.0645529781368951	-0.05128074380361414
-0.06412930329378667	-0.05154873237406045
-0.06409132978910762	-0.0513085647638614
-0.06433097282295347	-0.051324830080990626
-0.06410485411268413	-0.051637888756584295
-0.06433230928460787	-0.05142500139375539
-0.06402270232696243	-0.051778883493463365
-0.06467010409865462	-0.05125455417270075
-0.06425350036429446	-0.05139051423808123
-0.06406419668812982	-0.05141383307152098
-0.06367478133203862	-0.05139910752991262
-0.06412539034367726	-0.050637481987096784
-0.06436303493446675	-0.05152320584624189
-0.06409203929369667	-0.05141617544979029
-0.06411525078576379	-0.05175912896313474
-0.06448590308090997	-0.05146281705000416
-0.06425992422885961	-0.05201732523505888
-0.06445409995266228	-0.05146335155461063
-0.06426376926921058	-0.051281084252828846
-0.06424951258382977	-0.05152265666325503
-0.06414906086390368	-0.051300759905295784
-0.06410573040785858	-0.051058019417396225
-0.06437939384814005	-0.051813223399510916
-0.06448358960114925	-0.051388821479778725
-0.0641552430672105	-0.051462064589849386
-0.06403836498802268	-0.051435021732827914
-0.06426399154336501	-0.051646030932483065
-0.06462443941892367	-0.051427739541535136
-0.06421610400479762	-0.050227564260700616
-0.06426538331631701	-0.05057616372652953
-0.06414465860848555	-0.05066261021193181
-0.06439366832599872	-0.05091761781643526
-0.06445279073766153	-0.05041044869993171
-0.06429059602433564	-0.05023850191662185
-0.06436397581200781	-0.050590178849127365
-0.06416065675998246	-0.05074841908898327
-0.0647002096142402	-0.05039955279711556
-0.0643735417318604	-0.05078541773856145
-0.06384251807750548	-0.05092903375612618
-0.06432281195554232	-0.05109812908853148
-0.06379920796861006	-0.05107673727651079
-0.0645433506817795	-0.05086307109914026
-0.064067511450772	-0.05088063237028108
-0.06451815115347898	-0.05046742258884847
-0.06396786762281016	-0.051094895120815664
-0.0641214696857339	-0.05066985855479946
-0.0644103078831326	-0.05145007201395926
-0.06423173253613122	-0.050592022701838435
-0.0644966872749186	-0.0507633525866846
-0.06403307260416254	-0.05086297253987918
-0.0641747502901407	-0.051375890732500484
-0.06417550602710426	-0.05081957895383546
-0.06412341482713439	-0.05064361487719416
-0.06460284873406492	-0.05123147145892891
-0.06438320421919197	-0.05112466054318557
-0.06454424967061322	-0.05143399884927308
-0.06426931665002458	-0.051310204736532805
-0.06406753806401823	-0.05137671928225356
-0.06422964531671094	-0.05133901685578463
-0.06418821673777991	-0.051291678787457426
-0.06377773356698849	-0.051308574012616466
-0.06469506049201325	-0.051022768855342605
-0.0642456418282412	-0.051409666877491406
-0.06462188989159395	-0.05093873900081852
-0.06416734395815141	-0.051192724309894515
-0.06443270629834827	-0.05130838112141217
-0.06392664609445459	-0.051433286289515726
-0.06434603218878789	-0.0511349205067878
-0.06392198166402777	-0.0512063722201042
-0.06396582153656051	-0.05145133829094282
-0.06385967531812561	-0.05135742081592528
-0.0645714851644703	-0.05144006737401712
-0.06424587525398615	-0.051452717651166074
-0.06446169615471696	-0.05134367731926277
-0.06468216779393904	-0.05092218507305168
-0.06441619951411605	-0.05150896040591774
-0.06442848552799475	-0.0517923752154478
-0.06440889105065625	-0.05205444858896706
-0.06443024455774463	-0.051947735450170715
-0.06417614409948451	-0.05176137561532944
-0.06396782038644724	-0.0515772848235229
-0.06424221917779706	-0.05173975444952543
-0.06436506930846146	-0.051495300630339545
-0.06405954686513406	-0.05185941607234816
-0.06411017535740894	-0.0518712655663944
-0.06441164933806971	-0.05206435982784929
-0.06447149345694224	-0.05202384531568076
-0.0641818672348528	-0.05169037316408888
-0.06435512557069474	-0.05219615239470637
