train	val
-0.011983575638102113	-0.011645338143101903
-0.028920962840984756	-0.021946595617860373
-0.03300557323750687	-0.019492313202954574
-0.03541812134099701	-0.015069823968511777
-0.037439827284954943	-0.012263941655925422
-0.03853048466484726	-0.010828462032118
-0.039131583425599276	-0.010411977279714588
-0.03956411957348788	-0.009874884276706299
-0.03980152685142936	-0.009934863187691028
-0.03995210648523751	-0.01012968531518535
-0.04006004863567512	-0.010475838076127883
-0.04013995234152666	-0.010370358930344945
-0.040200324515086115	-0.010369787685806965
-0.040248569595864106	-0.010185252119422233
-0.04028879988902587	-0.009893263536233076
-0.04032207590663785	-0.010230028818304322
-0.04034838240028247	-0.0101014501760716
-0.04036834499300727	-0.010135610149752
-0.04038331791855416	-0.009609079701534143
-0.04039450282122474	-0.009240455137995145
-0.04040288771416747	-0.009193010767850477
-0.040409250798604864	-0.00899404298188082
-0.04041404984106988	-0.008898987311884321
-0.04044024968293364	-0.008887229966987644
-0.040443183293612586	-0.00863742277300842
-0.040445720169457744	-0.008831078707215488
-0.04044807774976297	-0.008847334584351637
-0.04045055358192829	-0.008935546000216938
-0.04045355583885913	-0.00876084413213778
-0.040457404955602634	-0.00880135784718211
-0.04046217722497161	-0.008920607593942182
-0.040467464473703	-0.008852711726334265
-0.04047263727704602	-0.008917410856106846
-0.040477451494077665	-0.008867510172581911
-0.04048183464543068	-0.009001656098179446
-0.04048593550423882	-0.009022796126411365
-0.04048987995652512	-0.00902734316166663
-0.040493832034391206	-0.009081624181278839
-0.04049781462631868	-0.009209457613694929
-0.04050190402643167	-0.009007960560755169
-0.04050608878926746	-0.008933797748592522
-0.04051036510120169	-0.008948292228027021
-0.040514767293019616	-0.009048964282669774
-0.040519158036871394	-0.009333105138470396
-0.040543164304185586	-0.009263295034274453
-0.04054670054500174	-0.008831430826895385
-0.04055010708515718	-0.00881863784530919
-0.04055342588679866	-0.008796129237505453
-0.04055654632406312	-0.008647923442202556
-0.040559514173436964	-0.008641564930896501
-0.04056229510359849	-0.008637577163519896
-0.04056489674316736	-0.008740804912330877
-0.040567334351588304	-0.008718258265779976
-0.04056961937247626	-0.008648291031577836
-0.04057172891788609	-0.00869073251602835
-0.04057370876394652	-0.008729066877726985
-0.04057555128126303	-0.008788294660869053
-0.04057728317241846	-0.008942373766718647
-0.04057888536422449	-0.008855227454917835
-0.04058039600335575	-0.008984696051682879
-0.040581799830963584	-0.009109891116389409
-0.04058311210637347	-0.009230386442710046
-0.04058435190295255	-0.00923163774319772
-0.040585481073310906	-0.009105212620901896
-0.0405865606523068	-0.00918395111823048
-0.04060532166814379	-0.00915192891215781
-0.040606099881346856	-0.009125025806805256
-0.040606843762691774	-0.009021094488679462
-0.04060753423875181	-0.009017911413398902
-0.04060819801240782	-0.009034389013097732
-0.04060881600939863	-0.008978346045490568
-0.040609380601342955	-0.008871445406797213
-0.04060994519334689	-0.008842239293536436
-0.04061042586224939	-0.008829534297250445
-0.04061088364296829	-0.008799984928168634
-0.040611326165017336	-0.00887489984084526
-0.04061170383733207	-0.008784052792423561
-0.04061204717749062	-0.008833788570540192
-0.04061238670283268	-0.009011687906585658
-0.040612669007715756	-0.00908395429108597
-0.04061290935134615	-0.009137978886549384
-0.0406131268063161	-0.008959319179863102
-0.040613332817373046	-0.008898995303143236
-0.04061348542225106	-0.008695977047103367
-0.04061362276833999	-0.008687824484254824
-0.04061372959679119	-0.008723612209116481
-0.040629499853552895	-0.008686401674682341
-0.04062954564184102	-0.00862283283962846
-0.04062957617128048	-0.008637553402826579
-0.04062960670083916	-0.008722614393257099
-0.040629621971668375	-0.008754135664330252
-0.040629606725038674	-0.008780537271782251
-0.040629599107565084	-0.008871617688837439
-0.04062957241618794	-0.00892008421764509
-0.0406295304657237	-0.00884653970879072
-0.04062946181219979	-0.008952140847707067
-0.040629404602588855	-0.008964694500443847
-0.040629316875220985	-0.008918770631494185
-0.04062922533250019	-0.008882742686363517
-0.040629118531049946	-0.008967243635954856
-0.04062899265521929	-0.009009283520228157
-0.0406288629649894	-0.009070577735496028
-0.04062872183019087	-0.009052019359446776
-0.04062856543600723	-0.00916825283253688
-0.040628401411952224	-0.009373673859840833
-0.04062823357302114	-0.009277863557132525
-0.04062805047464533	-0.009203625662973227
-0.040641615799074514	-0.00931149096035939
-0.04064144795674595	-0.009322341115425539
-0.04064127248496325	-0.009337303713891732
-0.0406411122718504	-0.009288154734060023
-0.04064093298543005	-0.00928971225388644
-0.04064074988401441	-0.009272892221851474
-0.04064057441163566	-0.009187466015265697
-0.04064038749546315	-0.009113309282719964
-0.040640181505506294	-0.009088120905616483
-0.04063999077356363	-0.009193059323032745
-0.040639769524400474	-0.009227811302657162
-0.04063956734830641	-0.009219206209491258
-0.0406393499135425	-0.00914709288641609
-0.0406391362927606	-0.009147186786679546
-0.04063889978415273	-0.00917917368395476
-0.04063866708952686	-0.009175955800214415
-0.04063841913623116	-0.009177649459387966
-0.04063818262690803	-0.009185536808885253
-0.04063793467301627	-0.009187060218238015
-0.040637682904486855	-0.009201575352855536
-0.04063743495053549	-0.009244288378261563
-0.04064915774393888	-0.009156471436266632
-0.040648932676740586	-0.009370333594774152
-0.040648719053693695	-0.009252335161407686
-0.04064852068961469	-0.009251772208721561
-0.04064829943723289	-0.009220884738706104
-0.04064809344364014	-0.009163171890341265
-0.04064787219125834	-0.009220139788451221
-0.040647658568330663	-0.009218021379318011
-0.040647433500953574	-0.009215600738729762
-0.040647231321998496	-0.009246508199730752
-0.04064700243998374	-0.009259194217453021
-0.040646800260730635	-0.009220087507747296
-0.04064656756372059	-0.00911124760442281
-0.040646346311040776	-0.009084593696887919
-0.040646125058003316	-0.009096516544999426
-0.040645903804965855	-0.009037015432625665
-0.040645674922414665	-0.009104360557826093
-0.04064544603998268	-0.009074636731096883
-0.040645224786706804	-0.009072941504735152
-0.04064499208939874	-0.009056485480478868
-0.040644759392090675	-0.009041877595615196
-0.04065498679656863	-0.009098965240945228
-0.04065479987497209	-0.00903550687641362
-0.0406546205828297	-0.009036425663980715
-0.04065443366141197	-0.008994671698975295
-0.04065425055487034	-0.00904345896627874
-0.04065406363339301	-0.008929594714800674
-0.04065386908275958	-0.008936112773512828
-0.040653705049644655	-0.00894780972725179
-0.04065350286961669	-0.009024657809392158
-0.040653335021685305	-0.009015935383118085
-0.040653151915143675	-0.009044187127579572
-0.04065298025257462	-0.009044470363717652
-0.04065280096055143	-0.009119130086890515
-0.040652610224436454	-0.009152421688089173
-0.04065242330307834	-0.009071611420879077
-0.040652244010876346	-0.009074712709389147
-0.040652068533610024	-0.009075560123487906
-0.04065188542682997	-0.009077066749253968
-0.040651698505412254	-0.00907999532481895
-0.04065152684242596	-0.009080739123114273
-0.04065134755022397	-0.009066188908688667
-0.04065117207260002	-0.009068820958072345
-0.04065098896570075	-0.009070805749204406
-0.04065079822922814	-0.009088449511255979
-0.04065061893708574	-0.00909017405301443
-0.040650447274159056	-0.009102940980270558
-0.04065024890823231	-0.008987965596608641
-0.0406500696160303	-0.009055168156581266
-0.0406498865086542	-0.009112879041358816
-0.040649711031030246	-0.0090627406402254
-0.040649524109135686	-0.00905982866921434
-0.040649337187121916	-0.00906169647453346
-0.040649154080043826	-0.009044582640828304
-0.040648967157910845	-0.008991256852131707
-0.04064877642119981	-0.009052740393609402
-0.04064858949936485	-0.009062933848958938
-0.04064839876265381	-0.009063170501662799
-0.04064821565515848	-0.009062499550997817
-0.04064802873284669	-0.009036327037878914
-0.04064783418149799	-0.008944913764606802
-0.04064764344454853	-0.008870962135371939
-0.0406474603369936	-0.008933466788065789
-0.04064725434161271	-0.00893232239680609
-0.040647055975030294	-0.008932065300779191
-0.0406468576086267	-0.008965232094598458
-0.04064665924234231	-0.008946483820468644
-0.040646468505094825	-0.008951437150573713
-0.04064624725068644	-0.009050302814692003
-0.04064606414307191	-0.009096985674608123
-0.040645858147035356	-0.008994273450820106
-0.04064566740996668	-0.008988579278969896
-0.040645461413930134	-0.009190288607577297
-0.040645247788499046	-0.00916267675683084
-0.04064504179270092	-0.009148299791346197
-0.04064485105557263	-0.009079550570953002
-0.04064462980068742	-0.00905595838224041
-0.040644423804531656	-0.009054522330162303
-0.04064422543783002	-0.009044926512279393
-0.04064400799752286	-0.00913221380461045
-0.04064380581588555	-0.00922391547253897
-0.04064358074648187	-0.009220963671806092
-0.04064336330641312	-0.009217163474728517
-0.04064315349538127	-0.009273118271916434
-0.04064293224043644	-0.009270333593628935
-0.04064271479971204	-0.009267196097903298
-0.04064249354488642	-0.009171482330443645
-0.040642272289643566	-0.009009789654651098
-0.0406420434052446	-0.009009055823946384
-0.040641833594033935	-0.009007366271479437
-0.040641597080121224	-0.008992726551902587
-0.04064136819572225	-0.009035165779900902
-0.04064115075511705	-0.009086225718326632
-0.040640921870300856	-0.009084983325441774
-0.04064070061493878	-0.009206760631316912
-0.04064044884223701	-0.0092738620948105
-0.040640216142842744	-0.0092736440076914
-0.040639975813994346	-0.00919808627662069
-0.0406397316705679	-0.009164534693229613
-0.040639502785513267	-0.009154585409852943
-0.040639258641908	-0.00915353152732415
-0.04063901068372467	-0.009094100069012715
-0.04063877798409199	-0.009056426344269732
-0.040638526210853766	-0.009056016775541851
-0.04063827825231281	-0.009054569856824379
-0.04063803792364322	-0.009205375900027523
-0.04063777852089125	-0.009203075683752275
-0.040637522932955764	-0.009240127868171749
-0.040637267345139484	-0.009186333570823626
-0.04063700794244712	-0.00920318135754917
-0.040636744724938285	-0.00922414598361179
-0.04063648532254394	-0.00928480782357292
-0.0406362221049755	-0.00929599574796988
-0.04063595888764547	-0.009294106482056728
-0.04063569185537976	-0.009294703970858355
-0.04063542863793052	-0.009293806198531773
-0.040635146347114175	-0.009293101847826241
-0.04063487549991277	-0.009288073598669216
-0.040634597023674474	-0.009197578171117434
-0.04063433380598682	-0.009139208094803864
-0.040634051514753224	-0.00911137703136858
-0.040633780667969056	-0.009109807642386539
-0.040633498376854676	-0.009104282702080316
-0.040633208456226554	-0.0091054304459137
-0.0406329109061443	-0.009201256470463265
-0.040632620985456565	-0.009137153407129485
-0.04063232343549351	-0.009084441208183327
-0.040632037329383835	-0.009085019908450516
-0.04063173977936117	-0.009052990912694714
-0.040631426970489846	-0.009053089288461715
-0.04063112560559111	-0.00905430551504671
-0.0406308433141787	-0.00899692563053733
-0.0406305266905505	-0.009042467998088744
-0.040630225325413334	-0.00902217510397394
-0.040629920145638515	-0.009023012049661156
-0.040629584448404775	-0.009013272462638377
-0.04062927926868956	-0.008946882607997234
-0.04062896645981822	-0.008946608555883364
-0.04062864983583239	-0.008953137302060602
-0.040628314138241015	-0.008962083255000254
-0.04062798988480105	-0.009025748203658526
-0.04062766944665439	-0.009026316320207142
-0.04062732611954928	-0.009025472987196857
-0.04062700568074697	-0.009025093684019691
-0.04062667379791247	-0.009010039419550597
-0.040626334285564225	-0.008964688003843507
-0.040625990958399506	-0.00896636732225109
-0.040625655260748524	-0.008965424441962518
-0.04062530430424887	-0.009078919106275542
-0.04062496097726297	-0.00907938712157608
-0.040624594761795446	-0.009081351782650503
-0.04062424380499777	-0.009081679763219145
-0.04062387758941103	-0.009044568198564671
-0.040623519003338035	-0.009075234521577524
-0.04062317949075136	-0.009075418011772678
-0.04062279420191671	-0.00903432351187903
-0.04062242798621076	-0.008984233729218265
-0.04062207702869782	-0.008950730584461847
-0.04062170318383576	-0.008933075052186948
-0.04062133696818941	-0.008934845467939299
-0.04062094404930458	-0.00893760537671701
-0.04062056638926841	-0.008894943616730844
-0.040620203987842496	-0.008901821912723646
-0.04061979581016859	-0.00890352245918298
-0.04061941433543516	-0.008894870078043309
-0.040619017601733844	-0.008894675676781184
-0.04061862086809213	-0.008904696716983447
-0.040618224134212004	-0.008882566509965426
-0.04061781977123537	-0.0090187581739464
-0.0406174154079011	-0.008937957079455952
-0.040617003414933885	-0.008924510901114652
-0.04061660668087494	-0.008960122957012368
-0.040616187058751606	-0.008980795944135499
-0.04061576362163299	-0.009051109527476398
-0.040615332555298644	-0.009123727051650285
-0.040614905303363556	-0.009210914633357872
-0.04061450093955244	-0.009293706724312983
-0.04061405842888788	-0.009252588210207113
-0.04061362354726023	-0.009255917167487242
-0.040613177221838805	-0.009222309189207342
-0.04061273089629816	-0.009224964831925444
-0.040612288385216376	-0.009247858550210665
-0.04061184205955652	-0.009251425160284791
-0.04061139191878217	-0.009276354099715233
-0.04061092270499834	-0.009286992208829056
-0.04061047256428359	-0.009287506756373912
-0.04060999953526605	-0.009245933866106575
-0.04060953413570263	-0.00927001192892989
-0.04060905347723094	-0.009270801170191663
-0.04060856518942433	-0.009302597532700784
-0.040608088345590314	-0.009306476288906412
-0.04060760387254057	-0.009296070269776902
-0.040607111769440644	-0.00929834568222653
-0.04060662729615247	-0.009396042334246232
-0.04060611611980463	-0.009398139545892045
-0.040605650719823985	-0.009331063069034263
-0.04060514717263226	-0.00933292495571216
-0.04060463599574797	-0.009334139735622143
-0.040604117189946	-0.009334811470519282
-0.0406035983839652	-0.009278600751824786
-0.04060309102183778	-0.009280591408102671
-0.040602541698159654	-0.009282275587150727
-0.04060202670616088	-0.009283681608812976
-0.040601492641033396	-0.009292623898876369
-0.040600954761804676	-0.009302075301357387
-0.04060043214053057	-0.009376275323824023
-0.04059987900132071	-0.009375168368583488
-0.040599341121257536	-0.009376189084340977
-0.04059879179704296	-0.009324952181558654
-0.04059822721392011	-0.009326602062947527
-0.04059767788952672	-0.009355145983659734
-0.04059712093573879	-0.009296279541796121
-0.04059652583503782	-0.009267533318105158
-0.040595961251557344	-0.009266889543828446
-0.04059541192680632	-0.009332979902515743
-0.040594832084596376	-0.009292997193954707
-0.04059424461299191	-0.009284004414096117
-0.040593672399699646	-0.009286326079552433
-0.04059306966918691	-0.009248771862762543
-0.04059247456771106	-0.009277890029888507
-0.04059187946635443	-0.009270139698683455
-0.04059129962354844	-0.009253523243390866
-0.04059069307774237	-0.009228219051275001
-0.040590101790963784	-0.009185256866101778
-0.04058947617155219	-0.009137177609315794
-0.04058886962568652	-0.009138952011417461
-0.04058827833837149	-0.009139536766210729
-0.04058764127439125	-0.00908796610013532
-0.04058702709853501	-0.009090011024038598
-0.04058642436700897	-0.009306210677229086
-0.040585791117845195	-0.009259517394408948
-0.04058516931199836	-0.009345547540032558
-0.04058456276571545	-0.009494208463750766
-0.0405839218866207	-0.009580381200299038
-0.04058327337801222	-0.009581492351985514
-0.040582670645651714	-0.00958387723020805
-0.040582022136626	-0.009501592543385645
-0.04058138507193049	-0.009395917876842933
-0.040580744192060876	-0.00937734864661735
-0.040580107127126945	-0.009385752240456144
-0.040579447173592194	-0.009385797049076751
-0.040578810108539046	-0.009413006496132656
-0.04057814634018781	-0.009375404617477356
-0.04057747112816201	-0.009375160292221586
-0.04057682643335671	-0.009361530706591879
-0.04057618173807457	-0.009362408208977999
-0.040575491267021285	-0.009370213324995455
-0.04057483131271166	-0.009308547888308802
-0.04057414847045686	-0.00924208348383903
-0.04057346562850008	-0.00927051766257814
-0.04057279041569941	-0.00926911412644553
-0.0405721113873074	-0.009298187769625588
-0.04057138658362109	-0.009346923834670276
-0.04057073044418754	-0.009369722823356021
-0.04057002089857503	-0.009299813439737332
-0.040569315167719396	-0.009317212233506433
-0.04056860180746923	-0.009337654778531271
-0.04056788463222377	-0.009337099612965605
-0.04056717890160655	-0.009281848632196695
-0.04056645409714537	-0.009274815144358177
-0.04056571403407394	-0.009262946962484583
-0.0405649930438928	-0.00920279837643882
-0.040564252980404135	-0.00918979018321506
-0.04056350528758055	-0.00911120260187971
-0.0405627499650048	-0.00911043546333354
-0.04056198701363056	-0.009222450082833894
-0.04056122024702263	-0.009209729203290027
-0.040560449665717424	-0.009207974644779527
-0.040559682899169086	-0.009207407026782237
-0.040558866541556285	-0.009148142461285058
-0.04055808833079694	-0.009145626220757028
-0.04055728341703752	-0.009175759954133935
-0.040556489947131485	-0.009329586123238304
-0.04055564307122531	-0.009327453008630235
-0.04055483052848859	-0.009394969017295305
-0.040554021799495465	-0.009393798033056565
-0.040553174924066133	-0.009350071375946047
-0.040552312789549703	-0.009305999644714126
-0.04055146972810238	-0.009303886016133212
-0.04055058470504472	-0.009303918525851338
-0.04054971875565221	-0.00934244025920752
-0.04054887187974603	-0.009383374535945503
-0.04054795633905065	-0.009371118626893356
-0.04054708657430522	-0.009371854450509124
-0.04054616340403648	-0.009316170880263751
-0.0405452745655067	-0.009334596373866109
-0.0405443475804215	-0.009449482640661623
-0.04054341678093704	-0.009369499224001147
-0.04054246309261334	-0.009366572705567129
-0.040541555180478014	-0.009319867254277556
-0.040540593862819385	-0.009268155466333944
-0.0405396439886565	-0.009283746131239211
-0.040538671226429235	-0.00928169486920281
-0.04053767939107327	-0.009208667930855613
-0.04053672188751585	-0.009315106785805922
-0.04053572623698577	-0.009287502041048931
-0.04053471151290976	-0.009563437197005632
-0.04053372730641186	-0.009515619035183954
-0.040532682064519314	-0.009512651440487107
-0.04053166733984725	-0.00945493458758674
-0.040530644986019077	-0.009479392873263163
-0.04052960737334221	-0.009553122496494338
-0.04052862316648667	-0.009549453737763279
-0.04052755503605289	-0.009548011511863033
-0.04052651742272038	-0.0095573992133893
-0.04052546073596113	-0.009529423229068782
-0.04052445745544045	-0.009525036254003905
-0.040523404582782425	-0.009523267098238454
-0.0405223593403534	-0.009469167627609694
-0.04052132172672284	-0.00946377870794634
-0.040520291742427224	-0.00946171242453009
-0.0405192541293927	-0.009365987633319929
-0.04051822414533548	-0.009363660280605616
-0.04051719797531988	-0.009456342837922217
-0.04051619850854276	-0.009481369093917308
-0.04051515708021493	-0.009478428627976695
-0.04051414235488716	-0.0093854073767886
-0.0405130818534306	-0.00938271040684243
-0.0405120976448465	-0.009441573891587934
-0.040511109621803536	-0.009449303262297724
-0.04051009108165927	-0.009489072336825067
-0.040509099244217056	-0.009428799129846439
-0.04050809977678427	-0.009425975152887121
-0.04050707360664942	-0.009431229531517503
-0.040506100842633924	-0.009375688639199093
-0.040505078487553976	-0.009462760507060899
-0.0405040904645706	-0.009378503092722014
-0.04050308718250013	-0.009410454245816746
-0.04050216019407695	-0.009383723860600528
-0.04050110350558912	-0.009312365897435409
-0.040500119297362594	-0.009253606485630105
-0.0404991198299298	-0.009129367685827582
-0.04049815087953866	-0.009128863486297196
-0.04049712852338581	-0.009067265087028516
-0.04049609853831527	-0.009097657510279626
-0.04049509144071306	-0.009011417284588041
-0.04049405764100485	-0.008967502476589076
-0.0404930390988936	-0.008939393476105319
-0.04049200148395169	-0.008939395820939415
-0.04049095623836354	-0.008939074719407787
-0.040489918622944786	-0.008940215729145854
-0.040488865748558145	-0.008940065908824311
-0.040487797614786394	-0.008940958011403797
-0.04048669133451883	-0.008960486109496697
-0.04048565753248602	-0.008896119513222337
-0.04048457032522795	-0.008847388637934646
-0.04048344878515805	-0.008888845630403874
-0.040482342503877215	-0.008878415469958956
-0.040481236222298336	-0.008875433637533969
-0.04048014519861447	-0.008891547340350978
-0.04047900077000333	-0.008894155473659049
-0.04047786015525501	-0.008896003520830153
-0.040476742428571064	-0.008914866080178349
-0.040475636146157734	-0.009023487967698253
-0.0404744688279325	-0.009034674978041744
-0.04047329388078958	-0.009134146132696428
-0.04047211130353687	-0.009186277997423387
-0.040470955429343834	-0.009182150411506242
-0.04046977285143547	-0.00922891735076779
-0.04046858264472864	-0.009245363060559139
-0.04046744202890744	-0.00919102104837607
-0.04046623656263668	-0.009193244225463469
-0.04046501965275095	-0.00919335964072086
-0.040463818001713885	-0.009261576420514636
-0.04046269264384729	-0.009265121850915204
-0.04046142614301632	-0.009339070759042986
-0.04046024356451192	-0.009221626282239416
-0.04045900758096106	-0.009288510226282859
-0.04045775252380466	-0.009293774323179913
-0.04045654324247901	-0.009208131068579628
-0.04045530344387324	-0.00921198206123196
-0.04045407127478122	-0.009240519544087982
-0.040452800958299326	-0.009178553544409931
-0.04045153445687231	-0.009110341541901849
-0.04045029465832614	-0.009157189314128707
-0.04044909300663343	-0.009162674881570547
-0.04044776165559131	-0.009166961659577377
-0.04044646463610933	-0.00918276287541144
-0.04044519813515913	-0.009194706401494612
-0.04044392781903484	-0.009166968054817197
-0.040442569764396606	-0.009267077494422935
-0.04044136429812581	-0.009273068381707222
-0.04044000624384519	-0.009349743429094025
-0.040438701595207086	-0.00935495362637027
-0.04043732065298128	-0.009359689783306445
-0.04043599311711323	-0.009365982102920363
-0.04043465032031036	-0.009280729974233324
-0.04043326937856138	-0.009249432800759893
-0.040431949470895776	-0.00925694426810403
-0.04043053038151849	-0.009256919215664593
-0.040429134179967165	-0.009308022107495978
-0.04042776849635158	-0.009311927135957606
-0.040426372294502216	-0.00934687110326648
-0.04042495320405204	-0.009349130567984795
-0.04042348833848636	-0.009354787119668192
-0.04042199295510414	-0.009356596365954662
-0.040420550976649164	-0.009360577619994462
-0.0404190060012488	-0.009358960444687921
-0.04041753732050901	-0.009363990869827404
-0.04041601904781069	-0.009368319736794806
-0.04041444737030432	-0.00935816768251012
-0.040412887136114906	-0.009362701274522276
-0.04041131164337482	-0.0093120875158263
-0.040409736150157895	-0.009338289835644813
-0.04040807673389916	-0.009340920806129577
-0.04040646690870487	-0.009398159659029563
-0.040404838009428214	-0.009380728829518807
-0.04040315952004077	-0.009384337757700225
-0.04040146195603449	-0.00938798083796143
-0.04039971480060614	-0.009391994032061365
-0.040398051569471315	-0.009434295680714156
-0.040396285342106354	-0.009514325205950058
-0.04039450385481985	-0.009517582714024425
-0.04039272236657966	-0.009481442841661174
-0.040390914176591096	-0.009460868909528125
-0.04038912505973125	-0.009530660677989859
-0.04038730923999052	-0.009501271974052856
-0.04038546290124116	-0.009549383909426844
-0.040383631822830585	-0.009555773264857416
-0.04038177785587878	-0.00965019092364912
-0.04037989337140846	-0.009766307703543179
-0.04037802414572721	-0.00979863016104379
-0.04037616254777154	-0.009794613896839496
-0.040374323839787625	-0.009856242087070631
-0.040372393578234855	-0.009959933608205546
-0.040370459503057725	-0.009939172849314492
-0.04036860934949189	-0.0099561759827089
-0.040366660014393194	-0.009900815836892658
-0.04036479460340921	-0.009912175900283501
-0.04036288341498513	-0.009786190774916817
-0.04036096078276732	-0.009792443453893029
-0.0403590686668759	-0.009873048996261936
-0.040357176552653425	-0.009877328769433263
-0.04035517381167381	-0.009884572504195237
-0.04035319014304803	-0.009895228708810266
-0.040351275139330664	-0.009900316914154739
-0.04034933343273245	-0.009841571700369369
-0.040347376468179624	-0.00988088143872188
-0.04034546527886149	-0.009920582426774172
-0.04034348923957065	-0.010005754135437677
-0.04034144453537141	-0.009968729293609572
-0.04033960963987937	-0.009968121670073786
-0.04033756493615697	-0.010069702742493426
-0.04033546300994901	-0.010042716654213467
-0.04033350604331003	-0.010049540044350823
-0.040331514743918814	-0.010055781178833285
-0.040329492928141565	-0.010070294022747473
-0.0403274596667824	-0.010129057172988459
-0.040325369184189414	-0.010144532811062125
-0.040323358809464104	-0.010184701707445341
-0.040321291215173916	-0.010192598921079122
-0.04031923506569076	-0.010204009083921897
-0.0403172094310439	-0.010122886156412323
-0.04031504265498243	-0.010216253047207066
-0.040312936911454586	-0.010223060061714764
-0.04031098757039542	-0.010176842154469382
-0.040308836050321574	-0.010117038787299984
-0.04030674938117412	-0.01019013556054099
-0.040304685597885685	-0.010197817001001459
-0.040302606556881074	-0.010204021679545094
-0.04030053514413849	-0.010035128337477753
-0.040298501879322254	-0.010039212717576894
-0.04029639231966661	-0.009974223409183594
-0.04029440864490155	-0.009978934251223624
-0.0402923906382187	-0.009975872241853924
-0.04029033829711471	-0.00998059280629805
-0.04028825925527562	-0.009984908306916871
-0.040286309911832234	-0.010004175182096574
-0.04028438727103133	-0.009998645775327547
-0.040282407409175366	-0.010036317182226173
-0.040280442808254234	-0.0100375459741275
-0.04027853542552711	-0.01012489634282679
-0.04027661278442815	-0.010082678569502485
-0.04027469014446168	-0.010159543161920005
-0.04027277513210158	-0.010150340608040936
-0.04027089445171887	-0.01016627701381164
-0.040268990884761914	-0.010170160730128502
-0.04026710257599792	-0.010184008933223463
-0.04026509982500468	-0.010184325007859428
-0.040263161923924526	-0.010158694224785516
-0.040261281244257076	-0.010161329810176289
-0.0402593662323142	-0.010100018354228212
-0.04025743596086702	-0.010035702343257472
-0.04025549043009431	-0.010041249801853575
-0.04025353727022511	-0.010172935031302994
-0.04025146585539631	-0.01016836674709545
-0.04024944403038026	-0.010267800476620341
-0.040247376429891096	-0.010276116449323707
-0.04024539656612773	-0.010187425013192784
-0.04024330226263852	-0.010086095630653501
-0.04024120414421356	-0.010108255275352857
-0.04023896869531618	-0.010112677886642926
-0.040236893464717205	-0.010172780254745245
-0.04023469616386533	-0.010204374419702976
-0.04023236534980126	-0.010103761460395285
-0.040230198564679784	-0.010085886577335572
-0.040227883008570324	-0.01003160940727469
-0.04022566663458975	-0.010050836181877089
-0.04022329004213193	-0.010087697022215928
-0.040221043149440715	-0.010026060069986648
-0.04021859789273014	-0.010032985633089598
-0.04021606489684992	-0.010041553154998011
-0.040213627268401386	-0.010089383612064273
-0.04021110571750706	-0.010036608783606966
-0.040208530760731775	-0.010114136036581092
-0.04020601683744383	-0.0100697720052669
-0.04020339610281124	-0.010031505397188972
-0.04020063040878849	-0.009997569329923564
-0.040197933379972156	-0.010038970852032649
-0.04019506468709664	-0.010051037596376163
-0.040192173106991205	-0.009993860013673568
-0.04018916708471611	-0.0099753368485113
-0.040186473869881785	-0.00996477233919167
-0.04018350218327949	-0.009964953504400496
-0.04018049997969517	-0.009969689658605124
-0.04017747488721195	-0.00986737734440233
-0.04017430483587499	-0.009872328077682756
-0.04017111952670271	-0.009876894246174711
-0.04016800288190232	-0.00988221432101164
-0.04016485953648608	-0.00984744198721875
-0.040161708565668836	-0.009884622774716826
-0.04015860337145713	-0.009903094154179672
-0.040155269295528734	-0.009904761460432733
-0.040151816961004845	-0.009910394899594163
-0.040148147188796376	-0.009900698276635748
-0.04014468722607	-0.009858155617162155
-0.04014087249202754	-0.009820827557504207
-0.0401369395021314	-0.009821878052546576
-0.040132605964015515	-0.009728362200938931
-0.04012824190754667	-0.009744345933877843
-0.04012363370973745	-0.009796214173022079
-0.040118415148206375	-0.00969826458229155
-0.040113219479508	-0.00962107256670211
-0.0401072608593162	-0.009726444142705922
-0.04010075291562511	-0.009741261430325438
-0.04009342862016257	-0.009798393131516035
-0.0400854901499762	-0.009920213633131685
-0.04007700616949768	-0.009920337802857332
-0.04006798431068452	-0.01006138861977492
-0.04005830631261656	-0.010012085609816125
-0.0400479187699494	-0.009905830209338471
-0.04003724511556963	-0.009806969158771495
-0.040026872825194446	-0.009746068142469165
-0.0400172787332403	-0.009808680855918125
-0.04000895494918482	-0.009809062140001362
-0.04000217994050451	-0.009714448018558424
-0.03999716734866417	-0.009701387020560169
-0.03999452752546482	-0.009774035239517975
-0.0399944206920064	-0.009775767438587489
-0.039995435404339856	-0.009769309130844063
-0.039996640859165995	-0.0097248006749636
-0.03999786920801685	-0.009514351418623043
-0.04000098967651388	-0.009519251078527486
-0.04000801644460289	-0.009417192924829567
-0.040019689564686135	-0.009404380827929219
-0.040030965936584555	-0.00954321314531889
-0.040032148462279746	-0.009717773839681835
-0.04001241472093374	-0.009786165136097725
-0.03996928515479344	-0.009853327568171468
-0.03991482961448422	-0.00985948518355023
-0.039871070640161696	-0.009961483312532288
-0.03985125306797925	-0.009894590030853403
-0.0398501010470434	-0.009948938095661605
-0.03985354191362865	-0.009436428844312136
-0.039862155513762536	-0.00919732449783371
-0.03987905094647621	-0.009256543668818274
-0.039894161104565576	-0.009313308649920221
-0.03989815517295063	-0.009836451203369028
-0.03989327620256409	-0.00941517476240363
-0.039878124127984485	-0.009282495155630285
-0.03984289866309653	-0.009169071094210359
-0.03977477845762234	-0.009510334144813785
-0.03969854819151691	-0.009765821634504328
-0.03970532312045084	-0.009790778792667893
-0.039811159476815294	-0.009572585010324262
-0.039911724011079286	-0.009459932138034864
-0.03990142447127019	-0.009275861431030645
-0.03980395761596075	-0.00915480527432102
-0.03978929375872933	-0.009494274646472574
-0.03979391763375899	-0.00948248865853057
-0.03984504670119475	-0.00946065450255902
-0.039916126434927715	-0.009498476873746914
-0.0398616250536343	-0.009142751678335835
-0.03957413422567048	-0.009307685776696712
-0.039393424891379994	-0.009761811508971914
-0.039508641551299135	-0.009755174774836952
-0.039575976439366285	-0.01014985358051353
-0.03965608566149865	-0.009970837079194288
-0.03972457947925978	-0.009442650953964887
-0.039730511668912324	-0.009544432361315287
-0.039720528674646295	-0.009755197640390852
-0.039692025052098664	-0.009318786309000932
-0.03967990252229447	-0.00909751812305124
-0.03966973218793393	-0.009003296367434386
-0.039587446272713565	-0.009441113791011447
-0.03948171661516541	-0.009805648595550042
-0.039426024594202226	-0.010059551807478652
-0.039406146124798265	-0.009677897692339612
-0.03957456365100404	-0.009919037433978598
-0.03969135307128978	-0.01017861555618978
-0.03966418427463362	-0.009936935479169044
-0.03961717102926274	-0.009580306587371483
-0.03941316289670638	-0.009959001136408194
-0.039443345657025626	-0.009648161645468866
-0.03955286611091064	-0.009943775237822451
-0.039567503726895235	-0.009685959517206988
-0.039482812514580294	-0.009583141488817672
-0.03939365830136973	-0.00928171584391743
-0.03922033117591156	-0.009761738450715533
-0.03931339179674276	-0.009624600139668683
-0.03959415297153688	-0.009438338083229737
-0.03962264848820272	-0.010094112088609148
-0.03957173658075325	-0.009375912245844512
-0.039514455374501614	-0.00976200228021172
-0.03937022436071239	-0.009268333237827955
-0.03920427304489483	-0.009992304952326777
-0.03913127820629212	-0.009680193287157374
-0.039228975114946496	-0.010055634853262113
-0.039501692024777074	-0.009932602770683878
-0.0395600807643312	-0.010242536596354776
-0.039393436989787256	-0.010414540321563196
-0.03926928203639889	-0.009738828039892032
-0.03925809723075957	-0.010058989311091254
-0.039232812693204624	-0.009980856406909653
-0.039299079169317845	-0.010131159315496836
-0.03931126703965221	-0.00980758852273168
-0.03936088881165889	-0.009726494536859536
-0.0394372985854912	-0.00977716242047478
-0.03944825431788328	-0.00998122817945226
-0.0394175763295914	-0.010000317269573122
-0.03922374936845141	-0.009181818956697743
-0.039118209045163964	-0.009689097050396956
-0.039079062469366314	-0.010131304096061756
-0.039075636703311344	-0.010212011958639028
-0.039152924135334166	-0.010066938848673655
-0.03926830774208192	-0.009568073974365965
-0.039087674912155895	-0.009940256418558929
-0.039025434321986865	-0.010066750253457114
-0.03891581078721306	-0.00981916649246153
-0.03906854622798469	-0.00959403398558891
-0.03913454829597632	-0.010248753455664077
-0.039116967269111895	-0.010387960011562619
-0.03903330535262852	-0.00960936939320072
-0.03891828574516129	-0.009566827072781834
-0.03906739856163199	-0.01043206516363657
-0.03917563958160374	-0.01000329396303679
-0.03910620109670563	-0.010030321600212364
-0.03902732565937465	-0.010227382583679421
-0.038975824424061445	-0.010049836747137176
-0.03892203519202576	-0.010191960984683019
-0.038959068779984764	-0.009954619825066863
-0.039014104086543246	-0.010878373320811157
-0.038799300216496406	-0.009911136398186568
-0.03888211072823587	-0.010269350845175735
-0.03900201953854887	-0.010531038337500454
-0.03892852694782849	-0.010279607832523206
-0.03889664905100544	-0.010578791002030227
-0.03890213684189244	-0.010651721186452585
-0.03876595121704789	-0.011326680350898635
-0.03886608386586606	-0.010341530038510214
-0.03901926520302297	-0.010913405374440863
-0.038981908011222116	-0.010677277107130784
-0.03882972821554189	-0.010919893232886266
-0.03868041433163916	-0.010726819240805447
-0.038708606630610175	-0.010776387986855776
-0.03872190991813851	-0.011124002884607744
-0.03874273153503901	-0.010441487997223073
-0.03886443393247099	-0.010312024319188845
-0.03895753176600683	-0.011051837568042924
-0.038740057060686936	-0.011135838568910284
-0.03866795654437819	-0.010890748638749783
-0.03870772698685078	-0.011088922676817822
-0.0387164316134943	-0.011052766073378628
-0.038505124878243945	-0.01089505662474619
-0.03870438058492356	-0.011231682276850704
-0.03858938082046698	-0.010175763972482103
-0.03860936718339182	-0.011070264282672054
-0.03850900200776304	-0.010917075212120425
-0.03847853615805174	-0.010918455816483166
-0.0383934211514145	-0.010159104464335746
-0.038526243036526985	-0.01125557129370582
-0.03860875421432793	-0.011353939671666625
-0.038574225239341724	-0.011278056798147695
-0.038473016717871525	-0.01067624371183639
-0.038456483909506504	-0.011503920855556437
-0.03857543748489602	-0.01153057852062407
-0.03850245364370412	-0.01178197172529501
-0.03862228217594095	-0.011450529717227466
-0.03831392146363826	-0.011297902157378874
-0.03832631491820154	-0.011471145574421075
-0.03835257871231923	-0.011315634906242633
-0.038588767681934366	-0.011215129977591084
-0.03849129204136659	-0.012263104230976339
-0.038244448816991176	-0.012043887628663085
-0.03828287806323937	-0.011571545812307743
-0.03833770848764862	-0.012178114547280183
-0.03841986172530543	-0.011934521304124816
-0.038363704111833	-0.011634050514090935
-0.03828969739040378	-0.01205402098338696
-0.03842297198262898	-0.01161881712873791
-0.03845769346118545	-0.011324428083971163
-0.03840751126918532	-0.011716533085120483
-0.03812830733045265	-0.011492753343984823
-0.0380873983302577	-0.012090074770256181
-0.038337838321641234	-0.011769164890061646
-0.0380737694883803	-0.011759934689880278
-0.03823050209084491	-0.011971958538112136
-0.03818559464353767	-0.012260479018975774
-0.0382914671916505	-0.012398808328645781
-0.03818127528590434	-0.012499427826046365
-0.03832014042991476	-0.012605506680731562
-0.038105002085938304	-0.012177003865158752
-0.038251239416264134	-0.01241220752573521
-0.03824412248273742	-0.012507229674321616
-0.03802158953268752	-0.0126866594131765
-0.03803364021910879	-0.012392772784522554
-0.0380304351887835	-0.01239729633743077
-0.03785271743759857	-0.012489111935692715
-0.03812067280510557	-0.012490250595673297
-0.037993867107960724	-0.013084504465734746
-0.03805476684330546	-0.012423112798594642
-0.03815391125075937	-0.012365663826243408
-0.03806649013247931	-0.012326656611828692
-0.03816329713466309	-0.012740994947375333
-0.03791138917362109	-0.01260857837388899
-0.037946872661407505	-0.013299531550132603
-0.03799693046059209	-0.013169731847857585
-0.037922058101671534	-0.013147512372810706
-0.03798482022845304	-0.013266908284875891
-0.03775465414737503	-0.012516962772073781
-0.037770142601906025	-0.01317066337320333
-0.037726212727512046	-0.013510024257648088
-0.03779411640354444	-0.013656442721029692
-0.037727326500011225	-0.013062618610313789
-0.03778224222031301	-0.013421123138221991
-0.037700096237154875	-0.013981716801194125
-0.03766485194656285	-0.01359832475687654
-0.037643483155175926	-0.013534083076676988
-0.03779824894511231	-0.014283975830936782
-0.03765403232511651	-0.01289407511779492
-0.03763237645984549	-0.013025126214714695
-0.03759282445002413	-0.014123227559512397
-0.037689495354013974	-0.01375268269073282
-0.0374805223500561	-0.01410831302432191
-0.03766296792244058	-0.013552905766916711
-0.03766280342381196	-0.013784134588641006
-0.03755649286568899	-0.013388740949851057
-0.03739600500455469	-0.014159036957791625
-0.03735170911188673	-0.013546660772600529
-0.03741746849105781	-0.014234855651858714
-0.037413304049961675	-0.01398192066383845
-0.03745210555406232	-0.01406645016176436
-0.0373744620028417	-0.013621174662120003
-0.037458340858546005	-0.014189388370242872
-0.03750090600383358	-0.014461894345650091
-0.03751382509367219	-0.01355300821621287
-0.03729323930794097	-0.014192219578589516
-0.03737736987867069	-0.014337547894438932
-0.03728548056600345	-0.014385843984112438
-0.03724073183764821	-0.01458689000414216
-0.037310786104412685	-0.01467718881556131
-0.03730129496203035	-0.014625913675013516
-0.03717185318704446	-0.014786575883662324
-0.03718833624598616	-0.01499320212843304
-0.037178466541119205	-0.014339204898196312
-0.03731411194453011	-0.014804734227879719
-0.03730155313108304	-0.014435076458261234
-0.03714685835851349	-0.014159848709990559
-0.03708521330221265	-0.015327765952467216
-0.03703430097244353	-0.014995402055075473
-0.037145321216638987	-0.014639134149388564
-0.037030337754145465	-0.014846735317271048
-0.03715034917865172	-0.015191168796173115
-0.03718222209625818	-0.015087637251717924
-0.036986231260134644	-0.015311301997247556
-0.03706064224282293	-0.015511340798466769
-0.0367665795992392	-0.014902403374398635
-0.03690679316764557	-0.01566008857100187
-0.03692351115547827	-0.015057634779158184
-0.03696217455839799	-0.015365326896540842
-0.036952191839526555	-0.015551995638724178
-0.03689686926507894	-0.016002865141132923
-0.03688122911619481	-0.015538459637756326
-0.03679307902764998	-0.015277555936985827
-0.03675495154793143	-0.015361810946789215
-0.036757102989315935	-0.015906307249482506
-0.036638229079789045	-0.016439813239566795
-0.036736661183898074	-0.016191358157077212
-0.036810121001365805	-0.015806010454636955
-0.03658395845941405	-0.015539295559520206
-0.03662255098823836	-0.015491135428525697
-0.03644220611076043	-0.01572846132232946
-0.036580581133519016	-0.015754306752134132
-0.03647104368160113	-0.015991503163062977
-0.0366360235393064	-0.016166832818210793
-0.03655265891933281	-0.016518837641412824
-0.03668842028668944	-0.016335409340651835
-0.03657841365721857	-0.01648752293832963
-0.03646627684120906	-0.01644936237182003
-0.0364840446025254	-0.01669835694898391
-0.0364763314018466	-0.01661799984320284
-0.036278497807652625	-0.01635410351674151
-0.03626094607267939	-0.01658248411651084
-0.03629171450378123	-0.01666796360610216
-0.036355669928284755	-0.016301968121693464
-0.03625735197281167	-0.017327640458153347
-0.03624252391656389	-0.01725242935040037
-0.03633945608764315	-0.016820538785090208
-0.03632612629444778	-0.017154295472904472
-0.036268864682273014	-0.01727502154518868
-0.03631698322100229	-0.017828198082210086
-0.036280548635367386	-0.01726082912432029
-0.03643192949144501	-0.01677335209441958
-0.036190947103137285	-0.017158820754458192
-0.035947045495219	-0.016841899041012014
-0.03617814355739751	-0.01687799194018325
-0.03629450376133598	-0.01763552316797914
-0.03598305270794223	-0.017843586379901667
-0.03619039822649078	-0.01786975993132328
-0.036086474756136466	-0.017290557813081787
-0.03613813058688778	-0.017182418347804547
-0.036142946278286875	-0.017831974206856838
-0.036046015741502554	-0.017950545954440324
-0.036055578183983576	-0.017641584160749565
-0.03589027794993892	-0.01802819395405313
-0.035973651590537115	-0.01763024796950541
-0.035861061311920205	-0.0179111755122245
-0.03576519384691514	-0.018147605037374368
-0.0361465599354835	-0.018580187044416916
-0.03586492337241412	-0.01843147216041408
-0.03576931422638253	-0.01880699352576196
-0.035896182441972006	-0.019309323911333328
-0.035940838350003605	-0.01787723830700729
-0.035803612490096184	-0.018641011230305274
-0.03569151866721227	-0.018754814830712167
-0.0358063073838997	-0.018498599040257847
-0.035707807873800006	-0.018646216764392952
-0.03570908021679804	-0.01869296434829989
-0.035711328950300665	-0.019159512864779814
-0.035599431266246075	-0.018795279608735796
-0.035664665895093275	-0.018856111926547132
-0.03558005283907993	-0.019019570291332066
-0.035706998899573426	-0.018923353500082885
-0.03575177887906177	-0.019281274190877183
-0.035458515444757054	-0.018970805761096415
-0.03543844386417311	-0.018909096988332312
-0.0355886058432115	-0.019488306158044942
-0.03564287651566133	-0.01937286818014709
-0.03562905807751992	-0.01947887003335856
-0.035460010984604266	-0.020052108779017128
-0.03543294062609052	-0.020140438062329423
-0.035443203773157385	-0.0189641717909991
-0.03540096770268217	-0.019768997811227044
-0.03515225162826036	-0.01946403146867033
-0.03546054515597715	-0.019769436332579368
-0.03552754491113138	-0.019683527208659256
-0.03521325815866322	-0.01972517275054179
-0.03518173853918644	-0.019815561613460892
-0.03524284190835462	-0.020302795729525196
-0.03510380726609849	-0.02044837063324496
-0.035086753816252106	-0.0200167580529026
-0.035292286948772	-0.020894590961741902
-0.035197518516269385	-0.020754268438727873
-0.035210058264836676	-0.02058312702960672
-0.034974927890094175	-0.02016070483962613
-0.03509022082208849	-0.019720392209136805
-0.03491646184564155	-0.020543654527144975
-0.03512407011247097	-0.02059928304471288
-0.03513832060470408	-0.02044181423995533
-0.035029824450611834	-0.020880971708087604
-0.03531023117998111	-0.020732102179419086
-0.034876987334709064	-0.020844440080305046
