train	val
-0.03859389350787694	-0.037335058042439945
-0.044305980267640745	-0.04389783129460354
-0.047745190707859014	-0.04896318093636011
-0.05015214488943535	-0.05177192020035714
-0.053248908463108625	-0.05466260766007692
-0.05561562760901635	-0.05866120079805124
-0.05759026687692907	-0.05967870051894121
-0.0592436552598993	-0.062069760008866846
-0.06056632688662601	-0.06411500068506881
-0.062189106335207224	-0.06574734440719265
-0.06396521648796889	-0.06654198108619584
-0.06435907580326847	-0.06800835831441462
-0.0652365214693492	-0.06763632289947792
-0.06625572959829892	-0.06898211450842366
-0.06767573056951837	-0.07043213885172485
-0.06773428613461821	-0.0711434465826678
-0.06834159623588618	-0.0718568813426987
-0.06952400022993176	-0.07231721150954457
-0.0702647221445268	-0.07446881866225682
-0.0708748876698164	-0.0750363192296122
-0.07175390241310498	-0.07523702210876972
-0.07199294308439358	-0.07528368978841407
-0.07309437995668283	-0.07754424277158779
-0.07377373042694021	-0.07721039746269608
-0.07343592636414484	-0.07871817068640027
-0.07428094734967583	-0.07834920188393588
-0.07432050649019549	-0.07847299183726772
-0.07520653875420188	-0.07982902648046544
-0.075939058119892	-0.08078823958364723
-0.07668100268733812	-0.08115555093675043
-0.07589082399236084	-0.08174204809822787
-0.07632145136938086	-0.08239870230770317
-0.07748030513605322	-0.08227055805035187
-0.07824104798746612	-0.08327251225215149
-0.07775937557844224	-0.08313048574058625
-0.07834111573598575	-0.08344106962440762
-0.07881841918052417	-0.08434853703804467
-0.07906205473248666	-0.08495510013501496
-0.07959698069950008	-0.084819520303829
-0.08032622803944248	-0.0857388549185376
-0.08053245367429487	-0.08613874393633615
-0.0805561103916863	-0.08726810270841587
-0.080654262426919	-0.08597773822062843
-0.08058823204636745	-0.08631282635990133
-0.0811164292999224	-0.08731580695260924
-0.08146333169760668	-0.08831790793837768
-0.08201141971365497	-0.08784443007420598
-0.0822033163417898	-0.08821631016541279
-0.08196363143066199	-0.08907075431953676
-0.08275297103400246	-0.08901594289922425
-0.08264747199716649	-0.08864347256928139
-0.08346663466403835	-0.08873417174007833
-0.08311418952555476	-0.0894558656158281
-0.08288985397878802	-0.0898037258749707
-0.08443387407498837	-0.08912880842187333
-0.08362949538010062	-0.09018346733322885
-0.08392627554779138	-0.09010799033864987
-0.08458106798082539	-0.09059910971269935
-0.08409854812737651	-0.09015260950882026
-0.0842103031374747	-0.09025949331537704
-0.08418821882783449	-0.09075273136015663
-0.08494592622623552	-0.09153370169725672
-0.08551952383189348	-0.09104946814698905
-0.08489734006705536	-0.09188598500593656
-0.08590149900764599	-0.09270361844523697
-0.0859420827782037	-0.09191786161078062
-0.08591010477007432	-0.0922004968996724
-0.08624788610620457	-0.09286109396711907
-0.08601662374788392	-0.09272412774690011
-0.0861343838052109	-0.09297424909265545
-0.08618450949040735	-0.09339388920875263
-0.08746846238661822	-0.09307987846817894
-0.08670579457562493	-0.09322628720023253
-0.08729214474867755	-0.09398628738911095
-0.0870980827160157	-0.09387800662440315
-0.0875391778898308	-0.09380720942280486
-0.08742699004995841	-0.09393307513812456
-0.08746187194979485	-0.09518510031811375
-0.08742903232814712	-0.09427540348200043
-0.08781662319636903	-0.09521040768180711
-0.08758653503881854	-0.09461885461683964
-0.08740549561296494	-0.09602313921885022
-0.08788727527056253	-0.09641430713303242
-0.08866686071083504	-0.09493461627953169
-0.08798106572846175	-0.09573267895573295
-0.08852984265006568	-0.09611228513489962
-0.08862796720032282	-0.09637546289404252
-0.08851622808878334	-0.0961503455197722
-0.08790733550952974	-0.09617349781161946
-0.08912738010283822	-0.09673305621560681
-0.08918978219763168	-0.09696130416504314
-0.08874305446305965	-0.09617600347346478
-0.08920530338521608	-0.09695066597157607
-0.08900841573479974	-0.09668918169339566
-0.08889174786935532	-0.09786523248341325
-0.08977743618565269	-0.09740458299672085
-0.0885241123017329	-0.09759720580630325
-0.08994927334851281	-0.09700948610406805
-0.09012166155649175	-0.09748941591087916
-0.08934079903739674	-0.09860315674450155
-0.08999427330354585	-0.0982472986284943
-0.0907058182049093	-0.09836772365933835
-0.09077016969134498	-0.09864103282923341
-0.09113102645344903	-0.09880368551001088
-0.09056315661209483	-0.0988841928959102
-0.09078101477381238	-0.09859941925487135
-0.09105661332768125	-0.09876531908762809
-0.09042054501910782	-0.0991733073950081
-0.09046877780010659	-0.09888354486068053
-0.0905336816666073	-0.10020713384542741
-0.0912020764666536	-0.09927184437459767
-0.0911640837166206	-0.09902579453798677
-0.09121753176383643	-0.09919418841467265
-0.09111952471355068	-0.1003105774953431
-0.09128367780681827	-0.09988297273391282
-0.09181224481171575	-0.10020034342757299
-0.09185076692479567	-0.10000242736938768
-0.09140579422085136	-0.10076620069619119
-0.09125545063259402	-0.10086518146190639
-0.0908033582688247	-0.09991291658725966
-0.09189056329788661	-0.1010201617593212
-0.09155162248907667	-0.10036795418122307
-0.0920254171526044	-0.1007502982797492
-0.09209703138410502	-0.10126987245218513
-0.09238176084211742	-0.10141158778443586
-0.09221348786190228	-0.10091250545898907
-0.09221128870895082	-0.10105514601224581
-0.09199965629520872	-0.10119171055114985
-0.09299093841600109	-0.10083293244284858
-0.09173484711810621	-0.10012945318728483
-0.09244336706464669	-0.10129119522943883
-0.09217129831360765	-0.10079391940239253
-0.09245977061602173	-0.10121979707531739
-0.09269814515821982	-0.10047470408466172
-0.09279674732828064	-0.10117148101554
-0.09354919572720884	-0.10100558617060297
-0.09298377593309234	-0.10145875687577369
-0.09333104242334199	-0.10100311762819211
-0.09362926676081286	-0.10144500895201518
-0.09336798390231733	-0.10201603310036468
-0.09335821459689428	-0.10187141969289201
-0.09305904592116526	-0.10152318138465902
-0.09288875548979268	-0.10155123297398953
-0.09299037335834548	-0.10126254374815971
-0.0932424214524778	-0.10193599707773014
-0.09238228748553198	-0.10133736985420794
-0.09349400139535503	-0.1021555245742361
-0.0935427642901543	-0.10197288384420151
-0.0944467579761515	-0.10215759495546428
-0.09352860745778223	-0.1023559270276792
-0.09432575855220576	-0.10277586701112369
-0.09295333320975917	-0.10249957157447862
-0.09443011453857841	-0.10166147844332703
-0.09312914876563465	-0.10255045744253775
-0.09401829058295631	-0.10253031271263487
-0.09455042809520695	-0.10265001941592908
-0.09464550806252711	-0.10258236664988987
-0.09311414562132825	-0.10264585759589173
-0.09370073669791125	-0.10214294971037297
-0.09405686541773745	-0.10224671683360503
-0.09362685737881188	-0.10279810481440525
-0.09474961177492588	-0.10323070890348407
-0.09357707578519026	-0.1020854738607096
-0.09470563077679264	-0.1030523509543575
-0.0943023590387371	-0.10248446009715775
-0.09468139184967027	-0.10259494618047028
-0.09391932436992526	-0.10303431465571572
-0.0944518778274813	-0.10325159305322257
-0.09528785600454413	-0.1032056772814316
-0.09473333160103035	-0.10287512107571778
-0.09441292908337083	-0.10301363943814151
-0.09544107451822084	-0.10338887234869286
-0.09404109365835682	-0.10350053545564422
-0.09511418546394167	-0.10328438029713932
-0.09498046124478876	-0.10327154707037392
-0.09532378029878626	-0.10354570138611251
-0.09486568729825376	-0.10303099779282425
-0.09444136877530136	-0.10312702747082603
-0.09508165241482473	-0.10310668873005635
-0.09529735981152215	-0.10366384201320816
-0.09602475944834286	-0.10354383553191425
-0.0964456083870616	-0.10371308439897166
-0.0956579714174812	-0.10394009763778247
-0.0957761713916812	-0.10379686118084476
-0.09473793331040789	-0.10390823398995502
-0.0955548550224472	-0.10415094288270864
-0.09549200149141142	-0.1039222321084293
-0.09593035059396762	-0.1038971453317935
-0.09590383679543342	-0.10394872088969635
-0.0959233102871745	-0.10452108295212909
-0.09525554554371497	-0.10337142324153853
-0.09553601349933938	-0.1039475038554684
-0.09487590660606904	-0.1040826894482395
-0.09687230697410452	-0.10455822838786233
-0.09563586390405139	-0.10419371498073453
-0.09665420401994708	-0.10452652675066781
-0.09595812507189125	-0.10430719030391312
-0.09598742549183727	-0.10414080320055699
-0.09519761141880158	-0.10417044316286427
-0.09635055729496592	-0.10481548234050388
-0.09659217381469244	-0.10523080848159946
-0.09625448528970965	-0.10456079635538361
-0.09714562901978196	-0.104551454133896
-0.09563167753541461	-0.10516002608977408
-0.09582116952070953	-0.10470556667813816
-0.09629576842091075	-0.10514901480863055
-0.0975180677528664	-0.10490001081561849
-0.09670831655362484	-0.10545399020876944
-0.09664152466458859	-0.10564251800063813
-0.09726742255271859	-0.10561661160385838
-0.09653073958814587	-0.10573212838957725
-0.09653066196096079	-0.10520868334101167
-0.0956583787871115	-0.10545654301297876
-0.0979219649970037	-0.10559352048149917
-0.09585879710416471	-0.10559732569681227
-0.0964630936485148	-0.10609862556543419
-0.09651366858474375	-0.1055934879055801
-0.09703504652721334	-0.10614452311982982
-0.09651822043317718	-0.10578553074517383
-0.09645770309827939	-0.10636608987389294
-0.09699720536303033	-0.10597232019332399
-0.09701485512509705	-0.10636125235570017
-0.09733729257191087	-0.10549173843012576
-0.09725906225234404	-0.10537574819302097
-0.09673397079776554	-0.10526067326598167
-0.09677077467345481	-0.10623700180761796
-0.0967174924321862	-0.10559029017716916
-0.09660610361855326	-0.10570938214241762
-0.09778321999291886	-0.10592160703623936
-0.09742224966453551	-0.106085611990423
-0.09722543793321399	-0.10616600134445796
-0.09672178236233218	-0.10623831783678579
-0.0968987799560803	-0.10627288052165813
-0.09692115213425512	-0.10652249868709904
-0.09804591275698184	-0.10649449817506867
-0.09804437094590561	-0.10620316717109851
-0.09712106563528085	-0.10639457323740946
-0.09731541425892946	-0.10655535860821831
-0.09823538430952224	-0.1068609198982537
-0.09705678937960832	-0.10643291293174499
-0.09753935290037938	-0.10647193115454313
-0.09851608489960283	-0.10644224039832846
-0.09842318429553007	-0.10743407778101711
-0.0977296518305252	-0.10695200765328604
-0.09837303462053804	-0.10695681399541657
-0.09768196673643743	-0.10722531863377494
-0.09753686254208872	-0.10689038944397743
-0.0975426710240805	-0.10713930589241435
-0.09742448766610873	-0.10679340086540919
-0.09748807591285694	-0.1072623790660162
-0.09818688864030009	-0.10743506561886527
-0.09744754564859537	-0.10774931643668151
-0.09722512491610376	-0.10703198455635744
-0.09831727248049406	-0.10743723259674118
-0.09795595141158477	-0.10744155398507332
-0.09764841718396983	-0.10746753324673156
-0.09803732342990448	-0.10782221306603153
-0.09865667214111459	-0.10797020585761014
-0.09851569225250817	-0.10742113536080455
-0.09832637826264273	-0.10732782849259963
-0.09859783290415992	-0.10765936360710786
-0.09832463075395341	-0.10730411625062504
-0.09876169810572302	-0.10722908509018045
-0.09926347873498965	-0.10799740656329439
-0.09808608551608904	-0.10747362166595174
-0.09812486896461824	-0.10757991251370302
-0.09894308746446752	-0.1076785888863466
-0.09862586145277598	-0.1076581471056551
-0.09795225250894075	-0.10779262106687378
-0.09776870711777601	-0.10743043837052849
-0.09900940077584308	-0.10800249483636708
-0.09903652969556222	-0.10771348703681202
-0.09759970896742264	-0.10775562346629351
-0.09913727814377159	-0.10798629914110042
-0.09869098741141527	-0.10842126635397535
-0.09834107414493419	-0.1081608588247897
-0.09889664668305198	-0.10836272973463447
-0.09946046398945212	-0.1081171365293137
-0.0993185942985564	-0.10780772940080638
-0.09887355882115474	-0.10786924453662809
-0.09905555837579093	-0.10829244024152221
-0.09896973948389755	-0.1081229478777821
-0.09956508064260723	-0.10840657589167504
-0.09879948722070621	-0.10831716465674018
-0.09923729778978019	-0.10784244742467249
-0.09887773641798554	-0.10847813263735875
-0.09963777498943825	-0.10879156106255285
-0.09980423291090491	-0.10852755706489696
-0.09925451776903371	-0.10834201152216312
-0.09886359370322387	-0.10854955161115684
-0.09856762119387147	-0.10864422980297143
-0.09956135764889933	-0.10818104326035474
-0.09939868788274292	-0.10842169633820638
-0.09946358477850399	-0.10892496682860424
-0.09960008630505482	-0.10843181191137771
-0.09898532078829084	-0.10851990286540898
-0.0995402487737075	-0.10893127463809438
-0.0994929126340798	-0.10849761015317573
-0.09918312347041236	-0.10825970527088666
-0.099301411460586	-0.10884614280204777
-0.09853021548135509	-0.10860613286289002
-0.09940385644953224	-0.10869142102103524
-0.09846924701787628	-0.10886925107690412
-0.09988626976629171	-0.10896005664532314
-0.09914602562343092	-0.10902816808146737
-0.10006071531084106	-0.10910524551967982
-0.099241086306388	-0.10911678400368453
-0.09983025829334863	-0.10920120353455964
-0.10011600021848989	-0.10864432359732476
-0.0993771248440335	-0.10863046058679224
-0.09925609009236458	-0.10875775112261468
-0.10074140550350418	-0.1091396009799158
-0.09907676956523546	-0.10926377845701458
-0.10004213622825928	-0.10914248196823141
-0.09918340519313903	-0.10963654076808602
-0.09878244610518815	-0.10931375745838019
-0.09851359512572766	-0.1093034687421001
-0.09925731732269441	-0.10882714880598139
-0.09989050763708972	-0.10891102467760623
-0.09980687675808643	-0.10897286578724018
-0.09920374916660585	-0.10930710945655454
-0.0990797395741551	-0.10894027883976444
-0.09916899252175485	-0.10888133016349465
-0.1006105231762233	-0.10911774351769585
-0.10005698099421245	-0.10932997847740596
-0.09920311805847391	-0.10942945889359647
-0.10009549545954959	-0.1094355018187118
-0.09892407794009729	-0.1098672514905855
-0.0999351819972475	-0.10929135037853252
-0.09990581845405547	-0.10971663489964237
-0.09916939280845337	-0.10979708272561815
-0.09928981038219913	-0.10949450735000152
-0.09958424135549604	-0.1097534331169264
-0.10065742959145998	-0.10974675997243093
-0.09976638464784107	-0.10953421300392707
-0.09963691069478157	-0.10954727334784105
-0.09917710091789439	-0.10987714079928664
-0.1001036265587968	-0.10969617428328694
-0.09995196109352705	-0.10985637706209686
-0.09893679086620874	-0.10979320675356029
-0.09993819742945041	-0.11001922326441842
-0.10030756797335628	-0.11007658924669861
-0.09998042361129982	-0.10965283452344232
-0.09967354559793735	-0.11015272565783978
-0.09988540095238271	-0.10947006507212449
-0.09966708070388557	-0.10959624674685656
-0.09914970913721133	-0.11032873496536647
-0.10023756727699197	-0.11009668425512811
-0.10021590857937544	-0.11002951093073075
-0.10000968730724057	-0.10991303595950691
-0.10020019318625276	-0.1099951903417619
-0.10048590664196293	-0.10990062134073873
-0.09994542716357913	-0.11010642425040267
-0.1000314895949946	-0.11030421889600121
-0.09897667401576248	-0.1104343089514964
-0.09949197579735332	-0.10991064217716477
-0.10016186956184038	-0.1102654310853878
-0.1003702311094162	-0.11032316167802256
-0.09998568491464305	-0.10987143539602384
-0.09997149380713562	-0.1103786796665172
-0.09955547677197377	-0.11025969937506692
-0.1017968952766186	-0.1104983129515485
-0.10000519677166966	-0.11040146483075891
-0.10050737250290186	-0.11025110988083471
-0.10123863365896012	-0.11072451724834928
-0.09962262321624388	-0.11007310054206848
-0.10040691090031303	-0.11042529814022921
-0.1009750455942784	-0.1108145249602374
-0.10093453476833981	-0.11014398665949056
-0.09989657568346808	-0.10995177431470977
-0.10021692512610748	-0.11045544711694212
-0.1014303218225343	-0.11060715741118758
-0.10088410590930073	-0.11082415470244222
-0.100591762469314	-0.1103989475682096
-0.10063861052310422	-0.11079829454335274
-0.100761094113682	-0.11072519505956864
-0.1006441697694184	-0.11052900257695046
-0.10067587193067189	-0.11029749855574081
-0.10028108543694665	-0.1103823071936531
-0.10032611583194546	-0.110571079247187
-0.10090470373384317	-0.1107454942635446
-0.10046917007199974	-0.11053964388803093
-0.10011922144916505	-0.11058174307341768
-0.10044997687619822	-0.1106241889568723
-0.10103793622770754	-0.1108048878365946
-0.10101051722008716	-0.11077623445801814
-0.1004303428184853	-0.11054563305459832
-0.10072363564834587	-0.1112013890845769
-0.10014178938529303	-0.11076997164540472
-0.09981286403851448	-0.11076785038137205
-0.10086235541292217	-0.11061793851509308
-0.10126998560137165	-0.11101695058842984
-0.10034033467209082	-0.11083854640600901
-0.10076782313453381	-0.11117911042911699
-0.10124567896355605	-0.1109486154386522
-0.10129475058859945	-0.11102989550291449
-0.10092291486848927	-0.11101509878163458
-0.10071888268883075	-0.1113087296327203
-0.1005172871678405	-0.11126427116859693
-0.10115657786389907	-0.111409462544422
-0.10124907925577689	-0.11143135047377534
-0.10070226491349991	-0.11149910047072448
-0.10007856685345388	-0.1112346203849924
-0.10159367309532796	-0.11136727777631394
-0.10110354250248671	-0.11147098620571626
-0.10090803043330007	-0.11111108044108961
-0.10156341434068432	-0.11101359743565306
-0.1005387358954722	-0.11186154961012344
-0.10129090936912015	-0.11093327769539754
-0.10199347767979916	-0.11137414039198544
-0.10099757240572653	-0.11156970595774107
-0.1014137996051066	-0.11134116555725146
-0.10214369827001894	-0.11145349171301899
-0.10080451630167772	-0.11142594810999781
-0.10092175921508506	-0.11157417437819266
-0.10135697992388891	-0.11159369959166933
-0.1015119813118529	-0.11182047716418113
-0.10108831197033125	-0.11183399345049957
-0.10152457791726467	-0.11188805998429249
-0.10113636298540739	-0.11190419884666589
-0.10101457214991341	-0.11118542160728123
-0.10167188450338202	-0.11165211923353185
-0.10059820264871241	-0.11180653340184935
-0.10116144278878726	-0.11125577758164487
-0.1019627683257346	-0.11170598571387466
-0.10044232345399039	-0.11110140062629954
-0.10136516553012076	-0.11184274685197962
-0.10117366294191435	-0.11182187199387804
-0.10051232507894288	-0.11182550089772703
-0.10050365961313677	-0.11155766972916785
-0.10239202008385775	-0.11146746144412002
-0.10169116612847601	-0.11142099926475849
-0.1014122493001493	-0.11180580124111107
-0.1011169668583828	-0.11168160606774369
-0.10193919795627825	-0.11183891639509413
-0.10048503360609766	-0.11206572047333087
-0.10129904090847122	-0.11185799133620189
-0.10067107352761688	-0.11192751090413541
-0.10076074404612016	-0.11176782085309568
-0.10142789897194904	-0.11187729219474801
-0.1018061245971488	-0.11212128077834248
-0.10175097904658156	-0.1122350259830488
-0.10161763410267055	-0.11168602535035903
-0.10162403871967245	-0.11220979033939804
-0.10117273039812469	-0.11197698176706025
-0.10152841030850417	-0.11204945517964408
-0.10195631656061652	-0.11189809592240701
-0.10106591059223495	-0.1121314006567625
-0.10133305480685376	-0.11202139443969236
-0.1021124911183175	-0.11241391170772512
-0.10160922652237514	-0.11248974547016258
-0.10170986566621987	-0.11203456315834816
-0.10104267051096028	-0.11241315249529485
-0.10203984995719632	-0.11240520104658464
-0.10307433460990326	-0.112074742987955
-0.10202920397978371	-0.11237689688950905
-0.10196164482744721	-0.11251955049413737
-0.10150434345351599	-0.11197313841196156
-0.10127968532841233	-0.11241931981853362
-0.10142232065347631	-0.11264536108777391
-0.10173549299717106	-0.11209514851548863
-0.1016053641150113	-0.11237887953610268
-0.10249717462949916	-0.11240225989815322
-0.10247442680993439	-0.1123259182636629
-0.10262865141630192	-0.11224970568891872
-0.10182257534162852	-0.11238201622951004
-0.10152502151341347	-0.11242178838004356
-0.10213727271671595	-0.11242990242732044
-0.10218057865433021	-0.11235065067289962
-0.10224144498421449	-0.11225603276385049
-0.10167688342823211	-0.11233705146856915
-0.10121111614034076	-0.11273515277133521
-0.1026600011656859	-0.11289386142654892
-0.10234969388964757	-0.11242780764169256
-0.10232229687097927	-0.1121930770223621
-0.10183628302897459	-0.11257966865414035
-0.10229035690258988	-0.11254086361485159
-0.1012990990088631	-0.11271894469772263
-0.10229868055178966	-0.11254018896984824
-0.10196418658789208	-0.11244075144323165
-0.10183708398983102	-0.11220674367251271
-0.10163527366719247	-0.11239540638826277
-0.10304959501481667	-0.11237176222151747
-0.10206065730948542	-0.11249009252535105
-0.10258170720655313	-0.11259769772801605
-0.10175225023549458	-0.11289289576458228
-0.10115226092888947	-0.11257853662492937
-0.10159094940225258	-0.1123174093187224
-0.10211606922936545	-0.11284127463087705
-0.10168645864974414	-0.11310345693995093
-0.10235733556947126	-0.11265575655353666
-0.10217118081558586	-0.11265613573290081
-0.10219291888247652	-0.11286163004498773
-0.10200699998399997	-0.11258251088521823
-0.10219426886315602	-0.11271541598866645
-0.10145369077768182	-0.11298164121216009
-0.10253369366907698	-0.11271292092385371
-0.10160288198223949	-0.11288561250326998
-0.10176532083065624	-0.11273600958159287
-0.10221379506669699	-0.11301016691331899
-0.10188282199345428	-0.1126622702304099
-0.10280004488534444	-0.11275383259893884
-0.10233566866995208	-0.11315523761421076
-0.10141499743454237	-0.11309796282272495
-0.10165539006395388	-0.11251068674871584
-0.10177497735028183	-0.11278364281008119
-0.10232512346461839	-0.11266772818161726
-0.1012734224918108	-0.11304848175329785
-0.102112962898116	-0.11297539287043352
-0.10101341348486839	-0.11301872518309007
-0.10158700088264563	-0.11297525544644871
-0.10123589783275683	-0.11269252178635318
-0.10281627498868565	-0.11298957292522364
-0.10183113408303089	-0.11321314451007979
-0.10196880688056462	-0.11310519570658586
-0.1024087964035087	-0.11335940762486774
-0.10210047109702386	-0.11307003661847645
-0.10167905002313676	-0.11325720132085047
-0.10269071722543731	-0.11311103852129223
-0.10211512106465298	-0.1129557804446022
-0.10249664399472423	-0.11313566365866988
-0.10200369969941982	-0.11309104575126132
-0.10215211883448162	-0.11333648538309703
-0.10346096188536918	-0.1134689375831247
-0.10148957378073464	-0.11332507840014139
-0.10268952194450805	-0.11320483175590891
-0.10227924111246128	-0.11312702624400955
-0.10200438329497986	-0.1132607978711391
-0.10328924028599204	-0.1131820423960934
-0.1026046599566222	-0.11307522026089967
-0.10182982358500431	-0.11300212137143824
-0.10238141980882795	-0.11313495892412297
-0.10188931835562724	-0.11364442018879027
-0.10262840334363346	-0.11346808127554422
-0.10245889677849615	-0.11282532807733081
-0.10258563234525683	-0.11321119451676179
-0.10216063358854811	-0.11357409418950258
-0.10198884827584404	-0.11352685868454496
-0.10056048541950585	-0.11331256764425293
-0.10217641607792259	-0.11320525281946314
-0.10142409764363729	-0.11364242224894648
-0.10228115306871517	-0.11309495351530853
-0.10250013795813935	-0.11365082624874875
-0.10210004035500322	-0.11340736285268221
-0.10206794488312304	-0.11330946428186559
-0.10313713849307873	-0.11307307803061005
-0.10240449256166025	-0.1133562807785709
-0.10235953777524702	-0.1132016460555596
-0.10143208929070407	-0.11318885852861697
-0.10282841439529589	-0.11358819187245903
-0.10229092630754343	-0.11343133996524324
-0.10297415624446879	-0.11347763046978815
-0.10242873840086139	-0.11308327284440563
-0.10308146245993793	-0.11349131422392081
-0.1022563015894232	-0.11364892903446444
-0.10123381726102158	-0.1134879436725961
-0.10313390501874328	-0.11341104158208916
-0.10237913668491676	-0.11365008231714005
-0.10274854707655161	-0.11362060522130234
-0.1027277232360089	-0.11347905449800519
-0.10200762112380109	-0.11333109938435935
-0.10211252481762209	-0.11342835067593726
-0.1025766839517027	-0.11346234468954791
-0.10290903005825704	-0.11370627621802623
-0.10239701300248173	-0.11341365243724134
-0.10312990680219684	-0.11322240487199643
-0.10175195894634699	-0.1137698917959872
-0.10320722421077806	-0.11351714974091227
-0.10262395083823823	-0.1132729606204629
-0.10243074443614289	-0.11361227577890755
-0.10371403001965615	-0.1137910369497803
-0.10326404653539512	-0.11342914626628861
-0.10274485328494364	-0.1137825307294939
-0.10311876149133618	-0.11367104058119644
-0.10386249937921785	-0.11372632407895514
-0.10285803565081973	-0.11360906194538395
-0.10246902485188236	-0.11382281555418246
-0.10343827975555915	-0.11361001086093477
-0.10172535472549599	-0.1136712520925834
-0.10264750016463704	-0.11389087270323221
-0.10242007900972552	-0.11371990156206482
-0.1029092675171745	-0.11361329787036313
-0.10321610919087547	-0.11353992339076248
-0.10263497775236945	-0.11373745351236174
-0.102687816610422	-0.11368929993302168
-0.10282559862292388	-0.11356228916312266
-0.10306585715443323	-0.11374079586826069
-0.10272869586131693	-0.11393225746797897
-0.10230003505612738	-0.11348329859405654
-0.10289905026722279	-0.1139521082186676
-0.10247942075985456	-0.1139149905528169
-0.10246256146045495	-0.11396574847849489
-0.10223738961517344	-0.11385715163069857
-0.10311002739367132	-0.1139852477056367
-0.10223884579328268	-0.1139672428109842
-0.10285137824740713	-0.11421802141550447
-0.10260874960869515	-0.11401383994270745
-0.10311985428718208	-0.11399864103372573
-0.10298101108740373	-0.11375813252734082
-0.10294622787753209	-0.11382493041472862
-0.10263890848929143	-0.11402125109709
-0.10310759826311994	-0.11411570862642405
-0.10280392396589318	-0.11413585975094805
-0.10260558472362218	-0.11356080471114641
-0.1022631661981799	-0.11396149279304037
-0.10215746102957579	-0.11378965905457804
-0.1019377830248398	-0.11361262688835806
-0.10254193992627039	-0.11361523603165868
-0.10283107078201212	-0.11408732263346344
-0.10269914849287205	-0.11393429031080912
-0.10250496397573272	-0.11410880541173207
-0.10286442480374067	-0.11419778854068752
-0.10253731784899363	-0.11422602318361517
-0.10254108576670687	-0.11425350847477649
-0.10300411445898422	-0.11407024303340711
-0.10372190618983164	-0.11439791015963052
-0.10281201252766728	-0.1138997441128978
-0.10313497874739698	-0.1141896645236672
-0.10219739904780732	-0.11414806530796869
-0.10310987842455567	-0.11409431220099017
-0.10259781302333194	-0.11390843955263348
-0.10276815336847449	-0.11424017967989558
-0.10211521390555844	-0.11395802539871223
-0.10193885241199524	-0.11382214661837546
-0.10269175710214432	-0.11450201477218593
-0.10288533270908173	-0.11408446051008829
-0.10400526910377288	-0.11403740721610875
-0.10303858666772377	-0.11402515359974608
-0.10314736869999315	-0.1142150173705354
-0.1036295684756348	-0.11427979613420661
-0.10251299361547318	-0.11434693222859373
-0.10265066677790179	-0.11416010070884569
-0.10214850638837197	-0.11417754973505942
-0.10385483929895316	-0.1140412351901161
-0.1025925346617048	-0.11423475535284089
-0.10217148413877376	-0.11406253687961809
-0.10262385650902221	-0.11415500716871897
-0.10177772295386717	-0.11408871461428792
-0.1025887262946389	-0.11450549085596462
-0.10238021096940854	-0.11453513533494215
-0.10165239227991801	-0.11412211973866646
-0.10229747437091322	-0.11430761094719512
-0.10226654116247763	-0.11419866021316291
-0.1024179697342742	-0.11425427602909137
-0.10277439304022522	-0.1139674546883254
-0.10304585729190313	-0.11399461782390255
-0.10213337263745581	-0.11416635508482119
-0.10153227462273728	-0.11412725766375083
-0.10292003166883347	-0.11415683953060271
-0.10296007100490231	-0.11445339220245336
-0.102770735543284	-0.11446375743120685
-0.10310424411251427	-0.11452920098024418
-0.10276227508754572	-0.11441943356502832
-0.1027944239972411	-0.11462473077270934
-0.10257021347358194	-0.11435450834085933
-0.10432006669765456	-0.1144375088985011
-0.10142554617629836	-0.11435030663931886
-0.10290306620268763	-0.11427761183278709
-0.10416380544755395	-0.11418490586072967
-0.10247026002449547	-0.11453730851299566
-0.10203151915537348	-0.11451960871917824
-0.10270333951593662	-0.11456683187771265
-0.10331323495768603	-0.11398383012988954
-0.10268124370582216	-0.11439668867095056
-0.10264200732096325	-0.11447846226706637
-0.10375131239026092	-0.11420576412672614
-0.10272495364806097	-0.11447787527794144
-0.10245770064449652	-0.11469633838858617
-0.10253669878602001	-0.11469591373077138
-0.102908247197002	-0.11468951705881167
-0.10348420459650057	-0.11480611352281421
-0.10163649451785689	-0.11435001333621547
-0.10267355815035958	-0.11472325485528358
-0.1032788551293133	-0.11418391066389476
-0.10184529667906085	-0.114460278861092
-0.103837855655635	-0.11455775006740397
-0.10249981783807063	-0.11436864225415472
-0.10307250952241748	-0.1142606540593111
-0.1022279179197923	-0.11452264933940288
-0.10276863404865157	-0.11460933991847022
-0.10322713947522169	-0.11454114209995134
-0.10254713208586184	-0.11444868772351989
-0.10352750869409938	-0.11429410173137024
-0.10215296878119179	-0.11434939012246433
-0.10318234606388908	-0.11466855631565945
-0.10202176811023295	-0.11447700438718249
-0.10187115489717423	-0.1144503113178301
-0.1019997746589306	-0.11430739746217114
-0.1021745452308599	-0.11462412815469677
-0.10208522195130833	-0.11470706998313877
-0.10281159900182535	-0.11468087722742443
-0.10205495932422028	-0.11464424544470345
-0.10389522478981521	-0.11488929650642073
-0.1029337782208942	-0.11478387587503505
-0.10244566203118644	-0.11470607557302243
-0.10244491931130117	-0.11467548971532873
-0.10350229765593623	-0.11475043267088031
-0.10361133303135167	-0.11453996668180452
-0.10360466336602456	-0.11460449720430825
-0.10318596450110216	-0.11479878564577516
-0.10429761885116089	-0.11485261846320301
-0.10295228030803885	-0.1149219841658024
-0.10338046131206133	-0.11479905855306272
-0.10335941171489331	-0.11472745172988799
-0.10412000501270528	-0.1146400123864585
-0.1027634867365627	-0.11493555182597028
-0.10369568373547254	-0.11479716439024971
-0.10280886614308449	-0.11515683111446183
-0.10329104612608983	-0.11492567666074523
-0.10354510621900685	-0.11471453410676499
-0.1024198739807574	-0.11498974582582756
-0.10354994897414357	-0.11504612188504153
-0.10366037094886205	-0.11515703001737086
-0.10389723732701661	-0.11492623077848582
-0.10333443045279696	-0.11539146171211176
-0.10384779408101442	-0.11501633478166277
-0.10436354015311164	-0.11521593597754275
-0.10276126832462397	-0.11500576046294955
-0.10390225365973173	-0.11488350495104131
-0.103548203119552	-0.11508260632554065
-0.10349893179879788	-0.11494236041299423
-0.10293710194598589	-0.11535799186916108
-0.10242868205763153	-0.11502098389094778
-0.10345460901235563	-0.11517100422035383
-0.103757676309438	-0.1151218981785238
-0.102884707496762	-0.11520393775896794
-0.10325051466393459	-0.11555140659166975
-0.10344379086304945	-0.11541004328235613
-0.10480739354327429	-0.11527261752491635
-0.10394467629466879	-0.1149446032403808
-0.10352660794002917	-0.11512512017963093
-0.1030794745939952	-0.11528008019702282
-0.10295961469537943	-0.1150521262908391
-0.10308057439629517	-0.11498353452950275
-0.10343769441656438	-0.11532444705909968
-0.10293826824580465	-0.11518611465500647
-0.10368879850358048	-0.11522627642495135
-0.10335114605534311	-0.11548106668489587
-0.10405998141509552	-0.11508764566376878
-0.10325127767110824	-0.11516723690404418
-0.10343966017117424	-0.11515595246627451
-0.1035006930158501	-0.1148514877632251
-0.1022296145560438	-0.11489548849414857
-0.10358263791031984	-0.11501927523496389
-0.1033343650475512	-0.11522702501822267
-0.10362640419970981	-0.11500494258599929
-0.10205525863662529	-0.11532611653829873
-0.10315552757208865	-0.11501518193678753
-0.10386935343645305	-0.11523961096480095
-0.10299958227778876	-0.11507994714613987
-0.10377281475197009	-0.11531863690058576
-0.10387939839725692	-0.11544316252625182
-0.10315278424626749	-0.11566378759153781
-0.1051061257214323	-0.11552072082209922
-0.10375262424642304	-0.11551904866823783
-0.10267973145720448	-0.1150020021778773
-0.10327591294598723	-0.11534155365232769
-0.10341487318729418	-0.11541860553717842
-0.10404905359627904	-0.11542707330670403
-0.10451087492364099	-0.11554172627230998
-0.10332767897368862	-0.11558323170322278
-0.1041500168276308	-0.1155937748918514
-0.10373145044933996	-0.1152917495296311
-0.10398285626133397	-0.11534754832690809
-0.10359782719933645	-0.11551995324804291
-0.10453973404045232	-0.11552345918875015
-0.10310142652632655	-0.11544801585533503
-0.10414474673033151	-0.11544494467076603
-0.10420502705397376	-0.1153658529644074
-0.10336130246508721	-0.11543153769392442
-0.10319797642497049	-0.1154243113747173
-0.10511271660838253	-0.11558311257138457
-0.10498859542855368	-0.11542601887308207
-0.1039835085088732	-0.11523594615860862
-0.10356219395318907	-0.11547740476021048
-0.103820914617204	-0.11522497539899337
-0.10456352895920681	-0.1154128216443207
-0.10468682892163929	-0.11554612891837882
-0.10486076675005376	-0.11574531057009181
-0.10338565185026284	-0.1157340007908436
-0.10399505294030678	-0.11557367358798541
-0.10462796203228256	-0.11572921849665134
-0.10320238194376224	-0.11570781616650938
-0.10393668113651197	-0.11563931699617591
-0.10420557307223921	-0.11562137356710947
-0.10475543088906743	-0.11569241291904818
-0.10402760104514161	-0.11569160619186597
-0.10530352195703631	-0.11575694219814679
-0.10421139935353177	-0.11570082879086263
-0.10390431563604496	-0.11562111156613984
-0.10491700935919321	-0.11570614151252398
-0.10376589972284378	-0.11583019198985152
-0.10468315836854411	-0.11570025201074399
-0.10479166895129907	-0.11584752351322043
-0.10462326853354328	-0.11569530590524267
-0.10462364566344369	-0.11573773109038211
-0.10494699724286566	-0.11576154757909009
-0.10313362348745087	-0.11586615981656422
-0.10541646289061303	-0.11550593103075009
-0.10388407920875063	-0.115769737023325
-0.10380576380836248	-0.11548610198235686
-0.10437981604358336	-0.11573599293453074
-0.10433658358696626	-0.11583490168754501
-0.10442370143114939	-0.11576237973328359
-0.1044252305735348	-0.1158308613701203
-0.1044450918438269	-0.11575387140370992
-0.10433875773593557	-0.11571866737360267
-0.10393060941837232	-0.1158140152233761
-0.10536465111826865	-0.11596183861409176
-0.10448042717426541	-0.11581249601110971
-0.10517591212980375	-0.11595724945507586
-0.10370532399476913	-0.11572420161691972
-0.10475862972462582	-0.11593638345677842
-0.10517182487247086	-0.11592679921610227
-0.10503005634364242	-0.11598920980825028
-0.10405899937232532	-0.11598271033196028
-0.10461699912502684	-0.11595795415464338
-0.10384730532756456	-0.11548893787623392
-0.10503789982133366	-0.11568850852563334
-0.10516874047231171	-0.11550707672293653
-0.10417606492336162	-0.1156947066167853
-0.10446649854762341	-0.11599551902502256
-0.10495453310534548	-0.11589422620436392
-0.10382783535503555	-0.11591578422872992
-0.10520219316378984	-0.1157609764127884
-0.10430039151510193	-0.11596289183883435
-0.10384491804782989	-0.11572395010512147
-0.10468181356910361	-0.11584810032360524
-0.10378362703300265	-0.11578507389040761
-0.10485715052364875	-0.1158122828560565
-0.10403802249462175	-0.11590701609057064
-0.10406460005736706	-0.11566629407111455
-0.1045824397387244	-0.11576341707065771
-0.1032977325854308	-0.11598755947434172
-0.10486245822546547	-0.1158812820499335
-0.10497839381323078	-0.11563575645755804
-0.10441942479299997	-0.11589722050890185
-0.10478102104607029	-0.11595019373141867
-0.10530982521515247	-0.11589974280066426
-0.1032118020014131	-0.11609514428650246
-0.1045788058162362	-0.11603879788176916
-0.10443014873825418	-0.11553800753561888
-0.10407069228059773	-0.11559526737782183
-0.10487366647411105	-0.11594593411548752
-0.10440240993508901	-0.11589338842929607
-0.1049822121674056	-0.11581813483773044
-0.10364399159250998	-0.11589391837190888
-0.10463996129173184	-0.11594922500393982
-0.10406156596413371	-0.11608503254128903
-0.10416774191056316	-0.11607192563755019
-0.10590384973404014	-0.1159783505584243
-0.10388674383223233	-0.11605448845365042
-0.10402437205164557	-0.11585069910418822
-0.1044094810205673	-0.11596227404119751
-0.10452283109814549	-0.1160869204912365
-0.10488910503454359	-0.1160126395917914
-0.10492633237305876	-0.11609455669887014
-0.10409925844740649	-0.1159136174194265
-0.10412432137172137	-0.11615345722280873
-0.10413719954529548	-0.11617042953087936
-0.10370403818279833	-0.11585284576508362
-0.10388955665010954	-0.11585955549675707
-0.10415007266165081	-0.11591622722772457
-0.10312064631768195	-0.11615637369040548
-0.10336005897554777	-0.1161816414363119
-0.1033251700472073	-0.11635116686892696
-0.10288665599221199	-0.11605995388608244
-0.1042461872987187	-0.11609590883202221
-0.1054337110414175	-0.11566384640102773
-0.10418873201472267	-0.11553723270457127
-0.10352563764248515	-0.11609656092073242
-0.10471227179893024	-0.1161599897867053
-0.10513410447418708	-0.11615835096629244
-0.10465904179733754	-0.11630344279099558
-0.10381557045070536	-0.11608371249676283
-0.1048273846888815	-0.11609677514361
-0.10421791182580123	-0.11581661118491662
-0.10391912080643921	-0.1161139556113324
-0.10472389665959254	-0.11608371701351158
-0.10411001401618276	-0.11608842687811531
-0.10479524260029051	-0.1160460143839462
-0.10324726297909373	-0.11584459425414172
-0.10483855845770296	-0.11607354312312824
-0.10387779239174583	-0.11592656805265718
-0.10459951814247208	-0.1160060146168667
-0.10384386763226665	-0.11614750037728426
-0.10428782871993063	-0.11602901669881903
-0.10408646137866259	-0.11616584286134346
-0.10373465919184778	-0.11614158679012078
-0.10443552638034476	-0.11614517292485038
-0.10480463271012416	-0.11604037036800192
-0.10466890451612104	-0.1160711333171818
-0.10501033940628858	-0.11607512610361732
-0.10415064700005379	-0.11626240705234228
-0.10608527617383566	-0.11620973362411141
-0.10399704106529112	-0.11605858145939306
-0.1051141077721153	-0.11618297930582952
-0.10508821698370945	-0.11599897370953632
-0.1047534302642613	-0.11624455058771686
-0.10425126624481273	-0.11619304985223512
-0.10524118487874272	-0.11627800812488619
-0.10446464107058645	-0.11623966193294401
-0.10476643609675043	-0.11639440542781458
-0.10349170929588325	-0.11643101113354792
-0.10396843580098483	-0.11653160381845036
-0.10546376367003465	-0.1164280641283455
-0.10483565541961527	-0.11643293464190846
-0.10446450076629782	-0.11651427031085597
-0.10452840572287322	-0.11620858719469292
-0.10536316067472049	-0.11614930828328354
-0.10492124262752124	-0.11624002888966542
-0.10542798087409275	-0.11617339080318625
-0.10501327023288771	-0.11611696060849573
-0.10401350177912824	-0.11632123584158804
-0.10592457143639389	-0.11641014458244628
-0.10439082540606034	-0.116196822704674
-0.1029027245529923	-0.1161691032631065
-0.10392588791167508	-0.11635387030567262
-0.1038306163472204	-0.1162564487148245
-0.10329650374872705	-0.1161669713694251
-0.1037576332878067	-0.11647250892562595
-0.10376073416804897	-0.11634333325294165
-0.10486032491762036	-0.11634002304099735
-0.10413600830285252	-0.11655227595795568
-0.10407784165059071	-0.11639049648031682
-0.10448959577526006	-0.11643128821391904
-0.10419242956506106	-0.11631896594786331
-0.10410987750907864	-0.11622710726061258
-0.1050355278848591	-0.11634804897768616
-0.10484159889301604	-0.11639592536235868
-0.10435800119893653	-0.1162700742244528
-0.10396630715252177	-0.11639281502737915
-0.10448111515288708	-0.11645578924040048
-0.10516674621030316	-0.11639404670579279
-0.1045259937554375	-0.11628042542149397
-0.10360212995305378	-0.11645249832055746
-0.10379067213936326	-0.11630144596613934
-0.1035641921885635	-0.11635129571860015
-0.10389393451869758	-0.11649169347919523
-0.10425999172607862	-0.11629463301456457
-0.104074898797926	-0.1162995515324451
-0.10490671818207094	-0.11656605299358491
-0.10443804867123405	-0.11648845967816931
-0.1031345311668458	-0.11633881610958222
-0.10454173307378309	-0.1163927002726185
-0.10406666697377535	-0.11640178090552844
-0.10476467839263987	-0.11616579546716035
-0.10370997153648491	-0.11645758910043492
-0.10471402759265548	-0.11633523662516433
-0.10334749255297714	-0.11628910664604629
-0.10456088144389225	-0.1163495248831218
-0.10368085731381478	-0.1163615673486325
-0.10321339687161675	-0.11641392027416839
-0.10406046219031725	-0.11640741476236949
-0.10357140263101189	-0.1164222444165262
-0.10418377676339546	-0.11641733866123566
-0.10462068863803042	-0.11643216124442421
-0.10431792378781427	-0.11636280426357239
-0.10363707912987394	-0.11631875947560619
-0.1051902655479288	-0.11634899988410777
-0.10445614138887253	-0.11638799147767201
-0.10409216170203398	-0.11640106774142792
-0.10436652854932503	-0.11629917591253106
-0.10484212288425085	-0.11652367986101073
-0.10460434662630108	-0.1165457154643524
-0.10397899910396673	-0.1165106819892659
-0.10550297860329173	-0.11635246060900149
-0.1038469648980789	-0.11656858007405974
-0.1039028686546274	-0.11659206882550109
-0.104828273989713	-0.11651103307638652
-0.10427908176911893	-0.11662955754974584
-0.10379051112958758	-0.11653009271738092
-0.10391068281626539	-0.11661212531010702
-0.10508811559143523	-0.11638848666149938
-0.10413355216872253	-0.11650359442136164
-0.10529148947961693	-0.11662828997953209
-0.10300363853581138	-0.11643675540057147
-0.1038243420891003	-0.11644384892888189
-0.10362619740934619	-0.11657705738926875
-0.10501516360504348	-0.11642788537338264
-0.10454894320732623	-0.11652749206237391
-0.10491923262816373	-0.11659345751248834
-0.10478069159866822	-0.11667266075810573
-0.10505429755005596	-0.1165299407659424
-0.1053505095357116	-0.11652427799154086
-0.10524089746144343	-0.11648790954237674
-0.10385021237709577	-0.11664070157997598
-0.10450918543431569	-0.11661761181707643
-0.1045116004832667	-0.11651462994134462
-0.10517448912094655	-0.1166296570935546
-0.10415532048397994	-0.11661551062889024
-0.10441527662902536	-0.11662002820707879
-0.10490057429312298	-0.11661646793747814
-0.10494933016837518	-0.11659438139822047
-0.10510645436880996	-0.1165706269811414
-0.10581829646045533	-0.11659929583199116
-0.10385576427931004	-0.11665243175380179
-0.10328591703834798	-0.11659825558552288
-0.10477128756129044	-0.11666569439032679
-0.10391320489463386	-0.11657462887252974
