train	val
-0.03795113426464633	-0.03885855433243849
-0.04414639139625933	-0.04653572261954581
-0.0485351797095885	-0.05014923096684167
-0.051325698343305144	-0.053690019129040235
-0.05358082200168905	-0.056261145075939115
-0.05573794946718452	-0.05892990229041141
-0.05750085856938741	-0.05946706580528418
-0.05898487245247164	-0.06078192844804249
-0.06013154251879781	-0.06224242328287402
-0.06153799916628013	-0.06347388109421699
-0.0628426856782072	-0.0647646868786135
-0.0646296643886187	-0.06591876996749368
-0.06486518040256813	-0.06561082333096169
-0.06535601627028867	-0.0666887822243341
-0.06576965283467337	-0.0675543000467741
-0.06753263389027664	-0.06794363967662993
-0.06761970376176438	-0.06962299610049683
-0.06841666930617908	-0.06919061764504841
-0.0696155748581472	-0.06976851285604353
-0.06952320261740882	-0.07079079213346111
-0.07053385343979138	-0.07027303011988124
-0.07079262692799705	-0.07044445535978941
-0.07106210368194898	-0.0712128445729226
-0.0713366908954536	-0.0720593860387053
-0.07255190743251039	-0.07235350208255391
-0.07330386763144632	-0.07293612579548438
-0.07284635185237431	-0.07282893807210926
-0.07323489595540492	-0.07217363367226601
-0.07413671336171677	-0.07291337131092361
-0.07439807035638833	-0.07380473971381034
-0.07410574117069894	-0.07396493540843405
-0.07514287913173903	-0.07390301884634093
-0.0752893489904604	-0.07410336266243978
-0.07579678876205027	-0.07512563251475621
-0.07632854484902793	-0.07531036343999295
-0.07640049026779161	-0.07594606080206645
-0.07711249269941974	-0.07576220286554902
-0.07664043317042048	-0.07570131324240302
-0.07739381777695602	-0.07636308593437455
-0.07718709009625091	-0.07732347987366643
-0.07728963011016092	-0.07698967805585635
-0.07711865447801594	-0.07739485980568925
-0.0781778165402244	-0.07772987997985584
-0.07816078522826933	-0.07715009248252797
-0.07829514626173299	-0.07758394773290074
-0.07879296982754946	-0.07796869204969167
-0.07836452067660407	-0.07878512374063658
-0.0790513143188517	-0.07918228936072874
-0.07904249723159805	-0.07873712058225737
-0.07950414824602742	-0.07874337310918775
-0.07918154076899567	-0.0799524890838423
-0.07960591289963267	-0.07946596164461348
-0.0796034041900777	-0.07978050316120637
-0.08050192770763094	-0.07962347063315874
-0.08006450721018561	-0.07988956657511434
-0.08052898815040692	-0.07999059469538908
-0.08047063829838794	-0.08004962090518515
-0.08132081797189433	-0.08033305784938881
-0.08087145661161135	-0.08024670702878862
-0.0808567901036312	-0.08038717751512055
-0.08156898551108656	-0.08112001517389637
-0.08194643509074903	-0.08085093330080713
-0.08199185043774634	-0.0817083460519275
-0.08138357415320098	-0.08152141324944571
-0.08219958319060736	-0.08050630316889715
-0.08173413394567394	-0.08161872376734892
-0.08228891525554434	-0.08146913236798048
-0.08247670055238367	-0.08068444350862643
-0.0821986048937763	-0.08214381254977722
-0.08273282395207415	-0.08233864112221065
-0.0831139829381375	-0.0824620009540235
-0.08304175620448509	-0.082675987971518
-0.08349630685203886	-0.08249264326375928
-0.0835945140230464	-0.08282842972571902
-0.08271067887796389	-0.08335468478106814
-0.08290163174453329	-0.08400147986557772
-0.08282023582274559	-0.0830362038016867
-0.08356413083451726	-0.08342006716283841
-0.08333298848878877	-0.08353741555002275
-0.08376009226233076	-0.08297930266331287
-0.08415550876980114	-0.08327860854452127
-0.08381271511981599	-0.08399176438798964
-0.08470589995041056	-0.08423676419353268
-0.0835311528342477	-0.08382941736300793
-0.0842259035750305	-0.08447342181044996
-0.08431398594025225	-0.08439165382442135
-0.08407573468857425	-0.08457200923837087
-0.08500850985653124	-0.08410398481397037
-0.08473039453765616	-0.08486718263234141
-0.08530466462836413	-0.08456492223024545
-0.08461862743758237	-0.08377586451848645
-0.08476146562495304	-0.08487115908533852
-0.0850585331587317	-0.08457145533513727
-0.08550312191226134	-0.08488142475682099
-0.0853371876883515	-0.0849020723281761
-0.08550038331835777	-0.0849557170517093
-0.08555711232513885	-0.08504439709548549
-0.08525111791853299	-0.08517491586346221
-0.08549658320825813	-0.08475713351402787
-0.08538463195568094	-0.08519207382401925
-0.08608806102861298	-0.08538306008156414
-0.08532511286979744	-0.08482844703438325
-0.08504520181852857	-0.08532117640657133
-0.08584922598190592	-0.08513613828756347
-0.0856795764859312	-0.08552393457442839
-0.0858451104632545	-0.08580528328934342
-0.08577759170339586	-0.08550735162330445
-0.08585750773297991	-0.08551350185044104
-0.08662859095828715	-0.08494351980794901
-0.08617076590295834	-0.08582007737334534
-0.08688116661531906	-0.08539586131265857
-0.0861377967401691	-0.08571142543866883
-0.08616030349478909	-0.08588047966132274
-0.08642231111486834	-0.0862952820253494
-0.08650136403549666	-0.08624720030528199
-0.08647189876327965	-0.08631478122524276
-0.08727806785743937	-0.08576147108051808
-0.08638719576780156	-0.08636785872316148
-0.08703620708939601	-0.08635778616880643
-0.08715545713361718	-0.08609970226967589
-0.08667859827567186	-0.08592334639063923
-0.0872728719178809	-0.08688043846109132
-0.08628377298308579	-0.08639182860935271
-0.08667004586838722	-0.08585478649850792
-0.08682001895916559	-0.08606397865033345
-0.08702467857275542	-0.08617244804839475
-0.08702767077022132	-0.08698529221829125
-0.08758219343493528	-0.08658660268077223
-0.08758087543577094	-0.08675856170186287
-0.0873467924041723	-0.0866245493335537
-0.08753013742003804	-0.0869236608439863
-0.0874536417249102	-0.0865170980448675
-0.087143936207536	-0.08669426009629715
-0.08751628070310415	-0.08633137369412944
-0.08768996066907521	-0.08679424729552004
-0.08720172371001671	-0.08637881465573492
-0.08732273509674533	-0.08681066209967311
-0.08801010469314821	-0.08703331785502741
-0.08762961385547585	-0.0870722070995821
-0.087519661143037	-0.08725016692223879
-0.08727629909094402	-0.08648057675062236
-0.08841632077609794	-0.08741501054562983
-0.08780439317863185	-0.08695031203249085
-0.08822477821640738	-0.0869973550974217
-0.08811192871673047	-0.08755054857428855
-0.08817094812624117	-0.08750203438514342
-0.08742856835779811	-0.0870723098346426
-0.08828116233140194	-0.08755819189699977
-0.08794179996826862	-0.08725724279092732
-0.0876403591028649	-0.08718666795596865
-0.08774784845131327	-0.08723925091525922
-0.08831201479985948	-0.0877473475808599
-0.08834827583237738	-0.08787197316646357
-0.08844160343424719	-0.08764159722705613
-0.08802441743287029	-0.08783367668828272
-0.08846631359663464	-0.08755415417430612
-0.08902652313932802	-0.08769228583482241
-0.08770179918874323	-0.08770390361773392
-0.08797732302678365	-0.08761394519896826
-0.08815817020609941	-0.08752892210100956
-0.08895711273720112	-0.08801101560388663
-0.08889874219757721	-0.08796314990813801
-0.0885980564199388	-0.08788520714298498
-0.08850113426954634	-0.08802626788983334
-0.0889112328892705	-0.08824424120026997
-0.08836379093720609	-0.08821868913064826
-0.0887018576379896	-0.08778375307443805
-0.08849902130565646	-0.08833936859244713
-0.08975029553968591	-0.08791535349030562
-0.08877006212407146	-0.08824141071076859
-0.08903310085419161	-0.08793876187885442
-0.08855159543305924	-0.08814983406860215
-0.08894387551769926	-0.08842873392831312
-0.08918558788808828	-0.08853152438414753
-0.08908279003408433	-0.08842576571712381
-0.08943061404711006	-0.08834781758733336
-0.08930692017521218	-0.08879829974151221
-0.08912646262738687	-0.08829637776205768
-0.08900535731863596	-0.08895498402245501
-0.08948579961916261	-0.08844770023096263
-0.08975758677841848	-0.08891165792226408
-0.08902783822541749	-0.08843422198482936
-0.08982411308760582	-0.08857195138794029
-0.08876105667252647	-0.0884906634161705
-0.08959628399664651	-0.08870708747045318
-0.08958135411029153	-0.08928076603654728
-0.09006987187258984	-0.08949242429366525
-0.08995076382736392	-0.08877886862563271
-0.0894271815756368	-0.08938459991263623
-0.08999318757742378	-0.08897393973731879
-0.08949397005546773	-0.08893315953511076
-0.09046329735369221	-0.08925802146904083
-0.08972167650305642	-0.08927366030552282
-0.08946730168321045	-0.0891369459658315
-0.09003579796297856	-0.08903348217967637
-0.09002977156362861	-0.08927357754206393
-0.08998097762209456	-0.08959172532724571
-0.0894861555589829	-0.08901257583805491
-0.08996081352169964	-0.0894512462641957
-0.09016021546594381	-0.08927641968537123
-0.0906167201005412	-0.0892436836180396
-0.09027425067454191	-0.08892466453289838
-0.08997454306107129	-0.08941788428148968
-0.08984923319872057	-0.0889695934342182
-0.0895089703917724	-0.08983062655256022
-0.08972712118651315	-0.08937494938412692
-0.09015476057726458	-0.08954399895134843
-0.0898625184587205	-0.08910676577075072
-0.09091676731911973	-0.08906972583707291
-0.09091478291634375	-0.090021848066222
-0.0908214211790564	-0.08976904672502298
-0.09054601068996927	-0.08959598269841156
-0.09052263799275471	-0.08937119011949325
-0.09046751018204634	-0.09009776997226335
-0.08984489377610733	-0.0893144793004423
-0.08980635311447621	-0.08924850789167137
-0.09031174990901075	-0.0896186359703357
-0.0901678891646433	-0.09036532873827559
-0.09004312190796336	-0.08992102624960545
-0.0901316242518671	-0.08939829303828437
-0.09062281668601863	-0.0894411852620139
-0.09070324858096449	-0.08972602509584016
-0.09019614244800948	-0.09009915606093762
-0.09068373836652029	-0.09005958610401245
-0.09046470130059418	-0.08987570979878164
-0.09061591536857937	-0.09030888723074243
-0.09074530270916964	-0.09040431952574787
-0.09074741456102545	-0.09014633212729072
-0.09095058562948431	-0.08998587545641169
-0.09062367000804948	-0.0900075904815252
-0.0900312899227475	-0.08930057225862684
-0.0896871179069247	-0.09032787398843685
-0.09113380718245763	-0.09006696394157214
-0.09128700313018433	-0.089994984991171
-0.09072908138321709	-0.09028021228653584
-0.09078528003360962	-0.09055508075120247
-0.09080400272508692	-0.0905208733470243
-0.09063089716558108	-0.08988450621560294
-0.0914335035620238	-0.09090254631577249
-0.09080190683252834	-0.09049266000846737
-0.0907161691839754	-0.09055947252224207
-0.09124024282421962	-0.09006953270411099
-0.09140977333326986	-0.09063880260223392
-0.09070344206614245	-0.09024086556437758
-0.09064734492681174	-0.09041812903086309
-0.0914305701624781	-0.09098867988703252
-0.0911650528378652	-0.0901797331907345
-0.09076211075326165	-0.0905280354015218
-0.09181623249584506	-0.09031638117534743
-0.09059626297961461	-0.08969697490672734
-0.0912357091376859	-0.09044434523580999
-0.0909945213397856	-0.09033364477576342
-0.09086446728543539	-0.09057497106486348
-0.09128527591519985	-0.090466739182802
-0.09176097985494716	-0.09076551668857662
-0.09106937675879545	-0.09061582022880328
-0.09125996683662625	-0.09114832779749554
-0.09121755314160983	-0.09070271645644841
-0.09081583675367495	-0.09096200031066208
-0.0912478071534453	-0.09061994660925234
-0.09224596824677277	-0.0911038534592514
-0.09171501874165904	-0.09071730180832553
-0.09145373990694151	-0.09068095709519514
-0.09118534934801939	-0.09086664621124992
-0.0914835359057726	-0.09088933214885403
-0.09187469735205778	-0.09144470720017078
-0.09106066100147583	-0.09103676738663863
-0.09140088413190722	-0.09059604528876151
-0.09202406446588883	-0.09052437366629634
-0.0913757120499399	-0.09125354323357165
-0.09112792437507698	-0.09066658578215576
-0.09133315045956794	-0.09098596477098637
-0.09141589839463546	-0.09109738105643278
-0.09067848656147769	-0.09075155988396295
-0.09198152553877988	-0.09145143604416357
-0.09133930984693206	-0.0909306795321245
-0.09175426308679203	-0.09121911952216898
-0.09177830199221879	-0.09113557152205733
-0.09189329705078311	-0.09115726316839037
-0.09180943133733252	-0.09128624731807357
-0.09190984877973694	-0.09154895154186236
-0.09141860504885788	-0.09116577770582361
-0.09171419171475328	-0.09142637565932185
-0.09230164915087613	-0.0915028277227758
-0.09212527150712929	-0.09096393158581538
-0.09165868090808205	-0.09152028999693874
-0.0912499585690115	-0.09166380989188402
-0.09151474981095983	-0.09143107471053047
-0.09262265971577115	-0.09116073218224263
-0.09142659495988456	-0.09108786412399347
-0.09119997152862637	-0.09121131749040712
-0.09093672406669716	-0.09120170561235315
-0.09184581374499465	-0.09134238144876783
-0.09168792040086186	-0.09119468197096267
-0.091299155497163	-0.09060649947205186
-0.0913987964593759	-0.09115565334520945
-0.09150644192970668	-0.09114270261816927
-0.09296420485678103	-0.09116632829065793
-0.09234785093998711	-0.0913769145846935
-0.09159948228737844	-0.09124130975135276
-0.09158281209250115	-0.09128070138039693
-0.09204470711106051	-0.0916182161509807
-0.09177108983398585	-0.09169236530231378
-0.09298173488067119	-0.09180042569201254
-0.09183216916591079	-0.09204401325025485
-0.09211701741570089	-0.09168007241985598
-0.0919656520869484	-0.0915756210716202
-0.09157373178642092	-0.09139358971938553
-0.09232068373599134	-0.09200690686537082
-0.09160220882194807	-0.09143811253914877
-0.09199921844521934	-0.0915823762366482
-0.09261067467280573	-0.09183097101756402
-0.09196787032133125	-0.0916836856554756
-0.09187874691603559	-0.09168074033458717
-0.09227321187659145	-0.09154730346937798
-0.0924036749746628	-0.09169728587714207
-0.09257250491801412	-0.09171709822701773
-0.09233501576575691	-0.09133884068027662
-0.0924174347762134	-0.09185328917167881
-0.0919107410825784	-0.0915892113039416
-0.09217816509431304	-0.09189460255838913
-0.09259088457987939	-0.09191857570850026
-0.09203450071355322	-0.09199174868551065
-0.09225509095464823	-0.09124995659238606
-0.09210688107992315	-0.0914415346559215
-0.09216510695688865	-0.091825922936414
-0.09284567985913242	-0.09200971283319392
-0.09273390516265875	-0.09187492565525497
-0.09184416932305822	-0.09194366623753907
-0.09261581494251796	-0.09163026683676577
-0.09315119633362451	-0.09193394179399252
-0.09208235059866242	-0.09177184363125664
-0.0930943780502047	-0.09175204739828804
-0.09263210262550393	-0.09165215410547149
-0.09283162328779726	-0.09204392048459024
-0.09270146668428154	-0.0924888711309809
-0.09231298635778314	-0.0921046547950023
-0.09305101900279987	-0.09187138210968235
-0.09323969315509606	-0.09234288102117968
-0.09272756199373926	-0.0917547469816482
-0.09277140158277145	-0.0921513550611012
-0.09233826365153609	-0.09196874435511106
-0.09272569658261806	-0.09230321798440357
-0.09364186312571038	-0.09244290562248249
-0.0928840585806036	-0.09246171669416303
-0.09284077494182337	-0.09228948793808261
-0.0928322491606227	-0.09240885922879326
-0.09255502213518269	-0.09255871578411484
-0.09325905243851755	-0.09265966447998819
-0.09299456696041991	-0.09225406899248857
-0.09320225247349957	-0.09206418134276927
-0.09313081612966703	-0.09211652135295305
-0.09299576626722848	-0.09226672400152712
-0.09262958292422917	-0.09194394791790181
-0.09382134677795202	-0.09197242990423146
-0.09281795077526571	-0.09213576240490738
-0.09341858936565965	-0.09232736649944887
-0.09304706424776929	-0.09216329337045254
-0.09328554217468513	-0.09229042591163933
-0.09395239151403001	-0.09243290542192326
-0.09292600224308338	-0.09275569749427535
-0.09330708641057929	-0.09213966475221566
-0.09339621540144745	-0.09288461361077482
-0.0930100263711633	-0.09228797772141589
-0.0930941766989978	-0.09255580629366737
-0.09360822915721975	-0.0919245972627596
-0.09338230814048888	-0.09253011684635579
-0.09296918055530017	-0.09235217935100946
-0.09388009330252925	-0.09246462528228867
-0.09355261041886165	-0.09258381146643037
-0.09338355341682195	-0.09201441842570561
-0.09339397413819953	-0.09216915971378709
-0.09362059536854561	-0.09237324825977272
-0.09284973234153955	-0.09244885683443059
-0.09304298214065478	-0.09271132465723564
-0.09305664735813966	-0.09256218281614308
-0.09336646784717993	-0.09289446631692691
-0.09402397265440839	-0.09270533122089662
-0.09308175321442298	-0.09295351030762038
-0.09340141217391557	-0.09243149207217817
-0.09372475940609037	-0.09216642812699676
-0.09313148222718007	-0.09250251892495129
-0.09297758506099774	-0.09240713461470436
-0.09306982646018656	-0.0926326767552866
-0.09319416147143805	-0.09261265107986992
-0.09346287940573801	-0.09240345799392433
-0.09258325979950693	-0.0924072513027755
-0.09355700707172115	-0.09240436941492569
-0.09365904765792202	-0.09259789445068624
-0.09369769760901037	-0.09304331328517546
-0.09301296776733284	-0.09240116348991978
-0.09340738133182268	-0.09248425838394693
-0.0933872221703746	-0.09268684415469257
-0.093943889524938	-0.09256379270673175
-0.09379422065644145	-0.09298614557867162
-0.0936325892075002	-0.09282007463029268
-0.09246983413661714	-0.09267168974542267
-0.09318724171898504	-0.09284574423690288
-0.09362749842426749	-0.09263827987522523
-0.09265510426265322	-0.09238082799666034
-0.09381681145974959	-0.09283925713405951
-0.09386631189224291	-0.09261547343695946
-0.09344346798716185	-0.09273367100608905
-0.09387776703167425	-0.09283312313623104
-0.09326992484688358	-0.09269764296163636
-0.09451954690073777	-0.09281493844620037
-0.09379226817873004	-0.09307854870290797
-0.09369903422957473	-0.09326692617463589
-0.09341086253411732	-0.092620935718797
-0.09339104775881794	-0.09254329147638851
-0.09350298188328779	-0.09286766930649032
-0.09382115539169884	-0.09283332716991079
-0.09308171144447479	-0.09259454843679639
-0.09357334195801612	-0.09259647602785598
-0.09346392262037977	-0.09295662020992157
-0.09342232861772723	-0.09271167932634797
-0.09369261314266916	-0.09268956877304879
-0.09402275384355996	-0.09251003911176858
-0.09332747170128844	-0.09290323214170979
-0.0934073727048728	-0.09279194260055013
-0.09380560845831787	-0.09264883594969063
-0.0937692641360598	-0.09311035282321883
-0.09269728885831395	-0.09287051475190108
-0.09337100170196812	-0.09315668498528451
-0.09369675779856199	-0.09291784570675703
-0.09386710229620768	-0.09267960425957526
-0.09426036104021705	-0.09255068235650868
-0.09423787518832459	-0.0929209373888177
-0.09362438159287775	-0.09280964829120844
-0.09446289792246357	-0.09275417484495496
-0.09422289244059447	-0.09316219473524269
-0.09357722978588516	-0.09323407101040379
-0.09417143224486042	-0.0929732505425063
-0.09380918924208013	-0.09252520246216275
-0.0943502530159038	-0.09295560751765174
-0.09427381217239546	-0.09294239314354924
-0.09469470204577209	-0.09296892888977704
-0.0941242798776144	-0.09285088908559648
-0.09414804177276541	-0.09286328816964524
-0.09439430698804994	-0.0931031052477149
-0.09349006568054571	-0.09292358087809159
-0.09384746206047924	-0.09296330090427633
-0.09416167786912526	-0.09282973574274585
-0.09439417860485817	-0.09301134982615433
-0.09434782584313257	-0.09285826120374223
-0.09512450640047523	-0.09284167839485818
-0.09451708593986398	-0.09297630911315688
-0.09466531904653562	-0.0931427589245335
-0.09396712628867819	-0.09303505515773292
-0.09420793772527283	-0.09351576782845288
-0.09405534501138384	-0.09324008746935053
-0.09454686994550583	-0.09330125727237772
-0.09419983325376285	-0.0931500085058124
-0.09417114255642758	-0.09296067181514828
-0.09418949862656659	-0.09310815676493431
-0.0947735579214109	-0.09308359938690677
-0.09404129235879542	-0.09354117142351527
-0.0944369446604334	-0.09303839128264749
-0.09486752177342016	-0.09293146050401602
-0.09402727914939024	-0.0930605846816339
-0.09448892820697906	-0.09336896568108174
-0.09434986522258466	-0.09346513261868089
-0.0942256961944481	-0.09307724501720972
-0.09424222661834149	-0.09336307578369982
-0.09398728357362306	-0.09292572421433243
-0.09431489729580872	-0.09327435456398071
-0.09423852324076738	-0.09321399438091077
-0.09392976532550154	-0.09287738314837304
-0.09384446901704518	-0.09304071386015525
-0.09344257648475755	-0.09282311629777834
-0.09442724150508668	-0.09308282173174678
-0.09426534748213027	-0.09315571978338079
-0.09448333914587333	-0.09293995866480681
-0.0940379836644616	-0.09312039581229331
-0.09470605543645318	-0.09308804664236779
-0.09397759752104926	-0.09291946974427054
-0.0944438662548478	-0.09318919828665806
-0.09437392419538093	-0.09309886975084
-0.09487562317486212	-0.09362783762999198
-0.0945767556160513	-0.09300275944407485
-0.09464399910225137	-0.09316118990033145
-0.09415498116005695	-0.09318799263732368
-0.09412354864404184	-0.09306803466128283
-0.09441944951210762	-0.093531243232104
-0.09454653393771607	-0.09312198839427749
-0.09492673292534974	-0.0929382283634609
-0.09489462377876749	-0.09311254602906172
-0.09456602629581756	-0.09318668951185931
-0.09460030957458053	-0.09330589521263273
-0.09488218988376695	-0.09302508500021751
-0.09404056867551941	-0.09333218426764399
-0.09446488967516453	-0.09332931357094876
-0.09421665115018771	-0.0932579220077596
-0.09539982429372589	-0.09317110618019267
-0.09441761543857635	-0.09319565759039666
-0.09493400977287901	-0.09307999617208133
-0.094486645650689	-0.09358174480382529
-0.09511531276513292	-0.0934806288785918
-0.09485995368848084	-0.0930372959106086
-0.09491563890998937	-0.09368345529559219
-0.09471063135648498	-0.09340082754636575
-0.09515437455629534	-0.09353954858034635
-0.09448938057754759	-0.09308783061786852
-0.09473318222980456	-0.09293861517286472
-0.09497032204277181	-0.09305772755983058
-0.09479281875291933	-0.09340905579827606
-0.09500626752162675	-0.09332364503101477
-0.09459304470097492	-0.09306340157396768
-0.09523747905078078	-0.09347135799593907
-0.09502045786137464	-0.09327803092354882
-0.09466121481090775	-0.09308449905912472
-0.09419732394445314	-0.09328299415874229
-0.09448261079559507	-0.0936905034056225
-0.09456783169296885	-0.09357966961703099
-0.09429813175209609	-0.09359003233756069
-0.09487092917507382	-0.09356262392853235
-0.09519101672663606	-0.09372036968989352
-0.09499200517155383	-0.09317094236323242
-0.09491840165561878	-0.0936297755541909
-0.09479954517298184	-0.09305359965123891
-0.09554128604253966	-0.09367687363959792
-0.09510064821852067	-0.09334926283523311
-0.09488185223668719	-0.09347427900742009
-0.09512336404622924	-0.09331700453185789
-0.0947223229666084	-0.09326399191889023
-0.09532519091774765	-0.0934137865329319
-0.0946753042371906	-0.09364490373953173
-0.09456042681943583	-0.09301183208552002
-0.09467914662366325	-0.09357938796170981
-0.09502471185923729	-0.09331660772571772
-0.09442585001656374	-0.09358641217174152
-0.09531173472064552	-0.09352177826890196
-0.09480070581651302	-0.09375005106560463
-0.09395236880741441	-0.09364575050600558
-0.09486782360562737	-0.09346374439624473
-0.09504881145801472	-0.09393582840588632
-0.09489393143283836	-0.09356113114926957
-0.09463706444522584	-0.09351005534427481
-0.09484166996297046	-0.09403323694344463
-0.09446243510415225	-0.09351104960147086
-0.09433982221076076	-0.09354233419352319
-0.09525319894772923	-0.09361686602498565
-0.09472940055156757	-0.09356956957678499
-0.0950619167108559	-0.0934723651750598
-0.09430331379464285	-0.09354600914905369
-0.09476713434644571	-0.09345624588973336
-0.09472660256607722	-0.0937678671426904
-0.09504373219229519	-0.09371095161938779
-0.09563079693161869	-0.09366842101998978
-0.09473673674544375	-0.09359732104551033
-0.09436659654288186	-0.09320470524182684
-0.09485944783092991	-0.09374549845203757
-0.09428573052064435	-0.09386157607790888
-0.09479579317678603	-0.09329032231929602
-0.0951059742378118	-0.09431585290877822
-0.09459420827195494	-0.0938280530772849
-0.09490380527184387	-0.09360308516761466
-0.09541571733163404	-0.09412910568859112
-0.09515009748621105	-0.09397981619804846
-0.09490380615017399	-0.09398894816080178
-0.09568330573798839	-0.09398825060178902
-0.0949808309204285	-0.09381864197693843
-0.09502630425125833	-0.09383264887112493
-0.09551626786335385	-0.09441190458458798
-0.09541670204946703	-0.09340846929747333
-0.09495161109570789	-0.09377063723716599
-0.09530404955628026	-0.0938571041504623
-0.09451529475331075	-0.09385671122857897
-0.09496670431948233	-0.09339854340717547
-0.09535472555250389	-0.09364726386556313
-0.09512573725866305	-0.09338436110338408
-0.09516587002735462	-0.09412541319839167
-0.09483064659701351	-0.09403353355567665
-0.09525988375195467	-0.09406703947748848
-0.09534375853359552	-0.09407227171743093
-0.0945441879362797	-0.09409164197640207
-0.09522169170606586	-0.09348342834273929
-0.09552329581859148	-0.09366373427349352
-0.09463914875186095	-0.09367884823958757
-0.09500899882360729	-0.09399118096252256
-0.09506722600270855	-0.0935987574754817
-0.09536865920943066	-0.09410831350913922
-0.09563408237060758	-0.09371934445752544
-0.09486811645561344	-0.09393441980217371
-0.09503058622849402	-0.09400586965393996
-0.09521276812904972	-0.09407326811935464
-0.09506571143077382	-0.0941004266330046
-0.09501633510599819	-0.09399529030451853
-0.09527732104147735	-0.09404746664454143
-0.09481847351626847	-0.09410125405082852
-0.09577585806392235	-0.09408813232722178
-0.09557410165925051	-0.09413382657866348
-0.09491089405582469	-0.0943190521009181
-0.09499290858374349	-0.09390545797948037
-0.09535648721121956	-0.09404217951707375
-0.09520043246032743	-0.0940852861292054
-0.09545150117045151	-0.09431552711386595
-0.09509452898584865	-0.09367846655296261
-0.09511989124237376	-0.09408915854840245
-0.09536945180483894	-0.09390851163169425
-0.09510472367669345	-0.0937162384230657
-0.09515306277880238	-0.0939480829617883
-0.09521689133163203	-0.09427113871401503
-0.0953011504592076	-0.09397473630233091
-0.09550073888884644	-0.09399022437156057
-0.09483882083329613	-0.09386029412432667
-0.09584403531808865	-0.09411548472922468
-0.09573830926325386	-0.09382156141241486
-0.09590204280115949	-0.09417338610618556
-0.09525773812790293	-0.09392181374836173
-0.0951425646276003	-0.09397671572345981
-0.0947001755752247	-0.09348172624863019
-0.0954749751629546	-0.09437961428517208
-0.09529344738214149	-0.09420365157343764
-0.09538747039501862	-0.09422160192459238
-0.09554897066204283	-0.09429409720914832
-0.09542483376236345	-0.0939932250441784
-0.0952396996562618	-0.09421606320685973
-0.09562295793055149	-0.09410273252703559
-0.09557759303603659	-0.09427279230479416
-0.09482084487601548	-0.09424336592181315
-0.09534062904973607	-0.09413960007477076
-0.0959830861573558	-0.09429585540969972
-0.09527187547799244	-0.09430503481538444
-0.0958225538973706	-0.09405278461869022
-0.09562455998250799	-0.09427317262701322
-0.09571860274270057	-0.09392811184827936
-0.09608805267265949	-0.09441819350277232
-0.09560564915501238	-0.09397844896402813
-0.09574594240498559	-0.09391284659060412
-0.09477181482647373	-0.09412436793630571
-0.09534369288823744	-0.0941713654662633
-0.095618214216253	-0.09422426202404145
-0.09528266599029629	-0.09438579292359724
-0.09551513620263037	-0.09429856001907383
-0.09578538269388517	-0.09416626399874767
-0.09588198254093717	-0.0941826612048239
-0.096092689376014	-0.09396351653381754
-0.09541269958322005	-0.0939556101990983
-0.09557856915673985	-0.0948260789429976
-0.09536997495112838	-0.09451145383325318
-0.09542755604773233	-0.09434326336178542
-0.09555334723601851	-0.0943413681459378
-0.09561914930342702	-0.09369613399622903
-0.0957383499460557	-0.09398340291741905
-0.09607674177958313	-0.09415396886401438
-0.09535686314370752	-0.09429687273824865
-0.09541563207593659	-0.0945643898974007
-0.09563166224857451	-0.09420367522584638
-0.0954893406923506	-0.09411626905892191
-0.09517246225694524	-0.09434530565378253
-0.09562351099538757	-0.09418295511750822
-0.09573996767892237	-0.09428020512827709
-0.09609090731340894	-0.09444871864837068
-0.09598051501613598	-0.09396060858028979
-0.09573199972403335	-0.09406680102064284
-0.09541838869105627	-0.0938330252518603
-0.09528934474473727	-0.09399325792894968
-0.09577129911743877	-0.09449416366394416
-0.09611066828262202	-0.09413227152354392
-0.09531798297268221	-0.09443456344968007
-0.09506553629938302	-0.09468664276890447
-0.09555872007667687	-0.09394640456097847
-0.0961331411415794	-0.09442511096838328
-0.09570430400675686	-0.09405228172631247
-0.09618206752333944	-0.09396609919779489
-0.09570525486164282	-0.09399693481231447
-0.09572292831035624	-0.09407707035954398
-0.09594758813077661	-0.09464105053125327
-0.09592392778513814	-0.09390246678536726
-0.09626431773451878	-0.09419836074506796
-0.09588841065574434	-0.09407732215467798
-0.0962545020510911	-0.09422915179861037
-0.0955249278078606	-0.09415159260014129
-0.09600170194100117	-0.09410321732703897
-0.09556417298125204	-0.09405242039245383
-0.09623027391145687	-0.09433713334213098
-0.09567666802747282	-0.09465095616199638
-0.09589762838653895	-0.09437745564047263
-0.09643757209294254	-0.09428246391879393
-0.0958905282343915	-0.09419415290843206
-0.09574189736801637	-0.09397784749874849
-0.09584802335401829	-0.09454188140828793
-0.09552579589971692	-0.09417965719140499
-0.09610152511346688	-0.09431250189194258
-0.09586524308846699	-0.09435714955084577
-0.09624608948702705	-0.09430007999750471
-0.09579724276300781	-0.09421696383323526
-0.09591650456463839	-0.09433443704209205
-0.09574573100648526	-0.09419548604137204
-0.09562710075859154	-0.094353298748413
-0.0960168217541005	-0.09425059534489591
-0.09597952413418603	-0.09408398414961293
-0.09616991725734887	-0.09480767868408298
-0.09591944003153265	-0.09450585725371084
-0.0954875258521112	-0.09439075578460536
-0.09566588315712496	-0.09428548049785149
-0.09590599315993684	-0.09445175219913649
-0.09526212140199808	-0.0944848822559583
-0.09561788275790414	-0.09399765730775576
-0.09532840451373549	-0.0942332701487211
-0.09586380691897627	-0.09419533233005029
-0.09549426092486799	-0.09444192629482547
-0.09552435227855069	-0.09422861797577683
-0.09561429921369827	-0.09447656077802848
-0.0956984009162888	-0.0943276960225765
-0.09582165805502894	-0.09423893350320398
-0.09634311912804673	-0.09399980745069032
-0.09651804928689647	-0.0939717094993416
-0.09539400243903966	-0.09470578998736402
-0.09601426346478797	-0.09439277626464264
-0.09600024936642658	-0.09433883603983903
-0.0959567793285475	-0.09426145540910759
-0.09478984334041367	-0.09440303753044205
-0.09544156990652534	-0.09456639737681964
-0.0960290909972507	-0.09401867654378172
-0.09580025618448966	-0.09403963293122053
-0.09573898695189437	-0.09443859734791714
-0.09549722610671615	-0.094454703467044
-0.09587042213919306	-0.09393428617875836
-0.09549610515683578	-0.09487135648557533
-0.0957956653859424	-0.09414695970628133
-0.0961563539775506	-0.09483028830824518
-0.09608454660357589	-0.09452709327047691
-0.09589391933489524	-0.09446896367040299
-0.09567169674021186	-0.09465036021630932
-0.09574180147305565	-0.09469918683437896
-0.09609366103689798	-0.09421953514851406
-0.09584321437047758	-0.0944169023112395
-0.09572153031087878	-0.09434753652788344
-0.09613133812390556	-0.09437374413404785
-0.09615828643563401	-0.0945705636279563
-0.09568258719409041	-0.09476128097217798
-0.09555802654682656	-0.09427045313775924
-0.09646836385250869	-0.09417321022479408
-0.096076241823649	-0.09439545272247805
-0.09606765162782756	-0.0943096171171801
-0.0961517154049002	-0.09445811875385936
-0.09622400917896788	-0.09422486255634827
-0.09592577644269368	-0.09427687253106419
-0.09509234475572925	-0.09468976209122307
-0.09586375130078222	-0.09433067236250124
-0.09571796299513888	-0.09443782254830278
-0.09624399823478208	-0.0945021004078244
-0.09605230502700307	-0.09435477406717133
-0.09635432665210263	-0.0944750297287364
-0.09575926407104456	-0.09489344002238456
-0.09630335789844481	-0.09412591471632331
-0.09600875288316241	-0.09469892665861558
-0.0957937237848313	-0.09450542063795331
-0.0961863164509573	-0.093734626122688
-0.09514289237697453	-0.09453982428862885
-0.09600368208582269	-0.09433578557888855
-0.0957350233053287	-0.09493818127785245
-0.09599977678764214	-0.09455324616312302
-0.09588614889408767	-0.09445938859961985
-0.0958534311988077	-0.09458149721240153
-0.09615228128001431	-0.09435587282609716
-0.0956809009602826	-0.09428103426155819
-0.09576495290222672	-0.09492623743487584
-0.09624842189451156	-0.09432359658275472
-0.09614727972683254	-0.09458079471940051
-0.09567586914864756	-0.09476379217776391
-0.0953904731332119	-0.09498663764009571
-0.09592612160049184	-0.09434202688751557
-0.09609778389199033	-0.09462021321165676
-0.09571651375324074	-0.09469122223716846
-0.09604568489793038	-0.09475040406014598
-0.09540805463737745	-0.09410016458706927
-0.09604001423671914	-0.09454391287412846
-0.09582189026856919	-0.09463339192203334
-0.09615570924631406	-0.09458458862309743
-0.09632043176918119	-0.09481310745079627
-0.0961617950592389	-0.09424882957041568
-0.09569033700894634	-0.09487263598983074
-0.0962243341752977	-0.09400407618643795
-0.09589130550933146	-0.09454419351187442
-0.0956268065271409	-0.09476400618403667
-0.09623473936392782	-0.09443785319645885
-0.09585042733002895	-0.09429048291176446
-0.09571712815529007	-0.09481736725003187
-0.09506574802002997	-0.09447658931947737
-0.09603424302961462	-0.09458314132886497
-0.09600116451040823	-0.09502420864493731
-0.09583305698368785	-0.09384069306480498
-0.09536582153931948	-0.09428182316852807
-0.09581521564748005	-0.09487625763133559
-0.09598267340037099	-0.09483356212151356
-0.0957073233881918	-0.09450937213599155
-0.09619038319279648	-0.0943982512117676
-0.09594877884881385	-0.09481851133038308
-0.09578761530218212	-0.09466973830438617
-0.09585576386899548	-0.09477801991581966
-0.0960801991437185	-0.09499479730514933
-0.09568630642313483	-0.09504568062712614
-0.09610930368153257	-0.09471677892564456
-0.09605811762129828	-0.09487655684584224
-0.09575704089885975	-0.09474624571057022
-0.09585965924108802	-0.09475243032194104
-0.09577292080607382	-0.09495362740052171
-0.09603681971908343	-0.09484258513906854
-0.09612604147250103	-0.09447051976585338
-0.09568394205380978	-0.09456871082575542
-0.09605888912939882	-0.09479214248784697
-0.09634307327805847	-0.09443335839460744
-0.09626154582875483	-0.0945792290258729
-0.09599073462243311	-0.09459791157777751
-0.09612177606274415	-0.09497301089669817
-0.09547525381374485	-0.09496659842311815
-0.09626805467993299	-0.0950058371683115
-0.09586082059923996	-0.09467825027951525
-0.09557370215181325	-0.09445417999039452
-0.09564464089440602	-0.0946565284606613
-0.0956458852467289	-0.09466828817667283
-0.09635905472132254	-0.09451736783447835
-0.09588194283952137	-0.09456684854051663
-0.09620612267824569	-0.09424544295568908
-0.09612937227049456	-0.09463623551773878
-0.09619478107468506	-0.09466977801091224
-0.09590501663863897	-0.09488221454580772
-0.09598860015714801	-0.09481520657661656
-0.09600953976763421	-0.09453957398641123
-0.0955721390918062	-0.09461029132719713
-0.09553051415546858	-0.09488886217008756
-0.09630561474540424	-0.09495457963735758
-0.09592686306674499	-0.0950209176051844
-0.0953429110237485	-0.09439413710494304
-0.09589515644868574	-0.09457100458147809
-0.095907185386095	-0.09495450240043225
-0.09562202767323208	-0.09467271920264393
-0.09550362092421595	-0.0946689382239753
-0.09655514705779815	-0.09446897338707008
-0.0960241894113143	-0.0942095845840114
-0.09609083141370306	-0.09473932694234467
-0.09565287851581279	-0.09452984858608386
-0.09622136966592441	-0.09470025732313006
-0.09509081170772546	-0.09515674986332621
-0.09559199612530675	-0.09525018767251063
-0.09532292029376294	-0.094863859257051
-0.09580306572142241	-0.09436407815722353
-0.09657640677936505	-0.09470603050641505
-0.09547872709579634	-0.09502014151615996
-0.09599106746482895	-0.0946685812598535
-0.09526334477894392	-0.09489029370094648
-0.0956682587900235	-0.09481791035205893
-0.09598792312767158	-0.09507835037686224
-0.09596797456275369	-0.09497787663951796
-0.09562503741399353	-0.09483417473963247
-0.09645271871956572	-0.09481272288853866
-0.09540290267460784	-0.09436618589020936
-0.09576176041179353	-0.09443433248252325
-0.09604141286915241	-0.09477291709012789
-0.09620374276824857	-0.09462704170906476
-0.09624465178563342	-0.09452892535757754
-0.09621712629272323	-0.09494166907292872
-0.09547759451868718	-0.09479611464556356
-0.09554669334723834	-0.09485546421477291
-0.09578598735629049	-0.09540471862154698
-0.09617731864396425	-0.0946717320190831
-0.0955521010039626	-0.09479959752410007
-0.09579908877060829	-0.0947105487057249
-0.09607178769382205	-0.09525047355898424
-0.09525886008071903	-0.09467128274565417
-0.09581559596534026	-0.09446719982308896
-0.09600363233659741	-0.09474662189637956
-0.0960862666437875	-0.09513418612531882
-0.09568492193101505	-0.09496954897506779
-0.09548590909793515	-0.09495038696002178
-0.0953689339133135	-0.09421584369528135
-0.0956027423226423	-0.09524956812534406
-0.09631779077639899	-0.09455226017450913
-0.09542637893561616	-0.09476294206599618
-0.09614414126795284	-0.09459547810651704
-0.09530717930000156	-0.09532795470093594
-0.09537748202248535	-0.09476048622434803
-0.09554942663627969	-0.09479239039882259
-0.09590303542371338	-0.09479211020691047
-0.09561546808660008	-0.09432827276192872
-0.09582902343750663	-0.0945004097634458
-0.09556941735688176	-0.09508820941915844
-0.0957671617279424	-0.09462356517711355
-0.09605897967478091	-0.09486923315347666
-0.09585402540676174	-0.09479501098306854
-0.0958958182914358	-0.09482890103163953
-0.09601201634326559	-0.0951405222791618
-0.09514776810449295	-0.09532134727893869
-0.0960329680132229	-0.09519704574047373
-0.09586813242555313	-0.0950068012817282
-0.09593581471812485	-0.09480304860950378
-0.09579259093102502	-0.0946547166031957
-0.0960812858120483	-0.0949061337586037
-0.09573182071687968	-0.09476888655588002
-0.09609415318965345	-0.09478381754740288
-0.09573613434272739	-0.09474170359960986
-0.09540193812066612	-0.09471006970984719
-0.09648301333465498	-0.09526028656346987
-0.09550008654794949	-0.09461635194041852
-0.09522295158546985	-0.09458755307975973
-0.09523777602810793	-0.09485435878312128
-0.09549116800457154	-0.09505874437520713
-0.09566008515146303	-0.09486118206272107
-0.09585785108454298	-0.09523116123017428
-0.09606924491346884	-0.09495066870365557
-0.0960329572653925	-0.09488882306435534
-0.09623154959749106	-0.09451179241815974
-0.09584309058395604	-0.09454190932602172
-0.0956960248363366	-0.09547628990719388
-0.09558487648037714	-0.09489805267046635
-0.09556272367879663	-0.09504732836051914
-0.09540960553010729	-0.09474514021017454
-0.095382268533216	-0.09459585952978848
-0.09472601972881335	-0.0946808899332239
-0.09562050517183283	-0.09480973642191355
-0.09608542806398443	-0.09480266681706194
-0.09637533678905374	-0.094379365355068
-0.09609260713833545	-0.09514021575160204
-0.09597020279596018	-0.0947558857346595
-0.09576311091700823	-0.09491059843859927
-0.09533008317780596	-0.09505939430965175
-0.0958651731981145	-0.09544233405177956
-0.09579507357867678	-0.09445519027757808
-0.09589302054343211	-0.09463243633750346
-0.0960968793335656	-0.09467335999266933
-0.09599493300978576	-0.0946447105447139
-0.09559073745934286	-0.09481357929686181
-0.09567652977286319	-0.09459481592880042
-0.09561373372974323	-0.0950555930076023
-0.09584605029366801	-0.09513223719868613
-0.09554691489608572	-0.09432908418445335
-0.09614228769885202	-0.09434664228365607
-0.09601914339686514	-0.09454855639661061
-0.09560688701276407	-0.09508803772133735
-0.09614787064630348	-0.09495544996019223
-0.09601006765842043	-0.094811800574569
-0.09615847256529972	-0.09463299938787133
-0.09598923676014963	-0.0951461710378728
-0.09541945604086113	-0.09528768802858902
-0.09594813603305775	-0.09504021634823424
-0.09557147641744217	-0.09537586498666627
-0.09637632535554469	-0.09459008539202161
-0.09573287507106817	-0.09443677307285403
-0.09522509852499934	-0.09474835663005933
-0.09589057830632654	-0.0948423345350932
-0.09521795524964027	-0.09543500656046325
-0.09588886805835697	-0.09514595971130753
-0.09564850147961125	-0.0948772051725938
-0.09552702664906772	-0.09543932411923958
-0.09565509669369879	-0.09490690973502387
-0.0954812966149948	-0.09524773886059584
-0.09567109910361189	-0.09481888014341716
-0.09546505599051802	-0.09521624614085449
-0.0961340927639529	-0.09496831570091731
-0.09523437475935288	-0.09489797763272786
-0.0957796927890386	-0.09506639199656199
-0.0957013496346932	-0.09512595277092864
-0.0956062867070281	-0.09506099681888863
-0.09551668191358785	-0.09520332305680498
-0.09549146828803408	-0.09489072994565388
-0.09620573261583217	-0.09495573152035225
-0.09652932109100132	-0.09494194228622219
-0.09598765914269762	-0.09479911821634796
-0.09612941986591683	-0.0954927949942266
-0.09593073761757162	-0.09482975185377171
-0.09551338629881821	-0.09436700380568566
-0.09577522077669255	-0.09489318122348221
-0.0955205167728526	-0.09503493676001207
-0.09559339853772758	-0.09485624578227807
-0.09633290271881194	-0.09518697417707171
-0.09557613402314181	-0.09546673467148499
-0.09511483187608218	-0.09485337682378837
-0.0955541489029193	-0.09478943834656768
-0.09600417167264992	-0.09531654090993998
-0.09600788764256293	-0.09496339188018807
-0.0953477851509838	-0.09502864636179327
-0.0959943936973588	-0.09478175950543527
-0.0957557130227017	-0.09554994527511282
-0.09528361217143422	-0.09527497810132955
-0.096066367290334	-0.09509708747976833
-0.09600421335959568	-0.09535132232638709
-0.09622593166365269	-0.09534886400134555
-0.09537315948021334	-0.09472756447059508
-0.09571181312277277	-0.09531590822440549
-0.09564976318539012	-0.09497445730833261
-0.0958262488363114	-0.0951419224612903
-0.09593713544437671	-0.0950163806497924
-0.09621733403277843	-0.09464886657796208
-0.09629106743788315	-0.09513082830142004
-0.09582842183484536	-0.09473157641133292
-0.09604026041531219	-0.09497337084761517
-0.09586182284775295	-0.09517414099827301
-0.09606169795870236	-0.0953040145171927
-0.0951919397130292	-0.09502099835895891
-0.09549337488055377	-0.09505090818240566
-0.09549076369358303	-0.09465208547239308
-0.09602537624072878	-0.09523026895709975
-0.09597402886496535	-0.09507788549850724
-0.0955047960989097	-0.09495833466685726
-0.09569872292560447	-0.09536886533507781
-0.09588174439436917	-0.09487625043007128
-0.09593228565077658	-0.09485569239963437
