train	val
-0.012168118757272427	-0.012137512678801698
-0.02915264576307362	-0.022125944147541893
-0.03274658725012904	-0.019888975208223216
-0.03498602968600699	-0.015315620545185432
-0.03724530025276853	-0.012381320012986852
-0.03848647032598511	-0.01128082566154312
-0.039091120470114156	-0.010678105049277405
-0.03943842718270284	-0.010066249165851197
-0.039654140271622215	-0.01007052296688872
-0.03979440133785421	-0.010272557608147569
-0.03989612185765981	-0.010276158131415147
-0.03997367585322765	-0.010098597277087795
-0.040033758254576654	-0.010126292910746149
-0.04008064542144512	-0.009895820968815083
-0.04011769434005859	-0.009656610613370285
-0.04014759822358246	-0.010128943284415085
-0.040172344555041734	-0.010341334477071223
-0.04019329138603477	-0.010139510841331375
-0.04021135807344433	-0.00987712234229858
-0.04022710920271782	-0.009603780349850578
-0.040240838511445574	-0.009789148764681614
-0.04025280158994729	-0.00974780642430418
-0.04026308617935956	-0.00970773613804766
-0.04029253614019552	-0.00975110974057482
-0.040299486631863876	-0.00960258553336395
-0.04030559025191764	-0.009717901434269536
-0.04031101484799018	-0.00983038339963002
-0.04031589012098065	-0.009800333341611322
-0.04032023896002632	-0.009906389753136215
-0.040324168177365886	-0.009992013214417297
-0.04032767395895776	-0.009976391793235926
-0.040330798266889095	-0.009879506351502466
-0.040333602136316156	-0.009822712651252372
-0.040336123714152	-0.010071545118000342
-0.04033835918581857	-0.009914171268977217
-0.04034041154808245	-0.010088280726074391
-0.040342257912938856	-0.009813857132627333
-0.04034393642724124	-0.009982215259216786
-0.04034548142332461	-0.009912298433381326
-0.04034691197533093	-0.009728013380283253
-0.04034823189837472	-0.00967466507065044
-0.04034949459791966	-0.009750074617539907
-0.04035064285398362	-0.009727934832913832
-0.040351737702378494	-0.009684313153245963
-0.040372654052033934	-0.009615731524096371
-0.040373676412835985	-0.009703723171557424
-0.04037459959067467	-0.00974831397989056
-0.04037543884368339	-0.00995307287449531
-0.04037622469045354	-0.009909745794619054
-0.04037694950141179	-0.00979098735234357
-0.04037765905256769	-0.009885447531225578
-0.04037830756779246	-0.009926580393592515
-0.04037894082404936	-0.009878378201800002
-0.04037951685877438	-0.00958571619840331
-0.04038005093165066	-0.009594078948897028
-0.040380596447665056	-0.009693724048711251
-0.04038107711352791	-0.009746292718116953
-0.040381557779271535	-0.009857927662481974
-0.04038200029756567	-0.009831428748029296
-0.04038240085413026	-0.0098218037050141
-0.040382778521795996	-0.010050882378624802
-0.040383121857186344	-0.01005084039093857
-0.04038345374788883	-0.010108743479144984
-0.040383766565104985	-0.010033705803568263
-0.04038405649389912	-0.009989865731986871
-0.040402283433165216	-0.00993467498379847
-0.04040264583822709	-0.00982433331127315
-0.04040289761724708	-0.00974795183773183
-0.040403141766574516	-0.009776919237804146
-0.040403366842475225	-0.009666141878070056
-0.040403553771343664	-0.009478109185126907
-0.040403736885574436	-0.009557824478469807
-0.04040389711144281	-0.009491928555131717
-0.040404068781402964	-0.009292190313136444
-0.040404198489454785	-0.009433203174525635
-0.04040432438280933	-0.009385618814709526
-0.040404461720136446	-0.009304925578768821
-0.04040456853982584	-0.0093979798730394
-0.04040468298867134	-0.009388331762887961
-0.040404782179025794	-0.009400030978002386
-0.04040485085144449	-0.009453990064372165
-0.04040493478229462	-0.00963479356957716
-0.04040499582502075	-0.009686117459998011
-0.0404050873851462	-0.009698783760636844
-0.040405133168844844	-0.009816845887042404
-0.040405186581759206	-0.010069813228659416
-0.04042133447304668	-0.010025918207783155
-0.040421456548604434	-0.009994806554829318
-0.040421532847556584	-0.01003561769756448
-0.04042159007314161	-0.010076076962296697
-0.04042165874305686	-0.010014847048294605
-0.04042169689485754	-0.010018902509059171
-0.04042174267635078	-0.010073005418636266
-0.04042175794020628	-0.010018326296588786
-0.04042178464797476	-0.0099278925150058
-0.04042179228225691	-0.00992444557844599
-0.040421822804543844	-0.009964666487356343
-0.040421818994853406	-0.00996817260614137
-0.04042182662895674	-0.009960738860109838
-0.04042181518951414	-0.009918389685634518
-0.04042181519422294	-0.009890110002336396
-0.04042180756888156	-0.009911696778269499
-0.040421792314562874	-0.009759499233289538
-0.040421773245308504	-0.009817347003154519
-0.04042175799063218	-0.009962488783591546
-0.04042175036529079	-0.009855311993073237
-0.0404217084074952	-0.00985567937574423
-0.040436048097826714	-0.009951853327704518
-0.04043607861772942	-0.00998128858619089
-0.04043608243522811	-0.009977294687064656
-0.040436097696639785	-0.009960064811228436
-0.04043610151413847	-0.0099157924522308
-0.040436082443393966	-0.01000216505298727
-0.04043605574313571	-0.009970166919311865
-0.040436017598785665	-0.010013064020687289
-0.040435994713463104	-0.009971445207705853
-0.04043595656899385	-0.009961265021277928
-0.0404359184245246	-0.009958556434859883
-0.04043588028023415	-0.010071589795007453
-0.04043582687673741	-0.010167087865096562
-0.04043579636172229	-0.010193310194937709
-0.0404357467726844	-0.010190705768390436
-0.04043568192521507	-0.010199181378645084
-0.040435636151232066	-0.010196879542078822
-0.04043557511822159	-0.01014412423401776
-0.04043552934417898	-0.01014193379978931
-0.040435445422746484	-0.010140624129118862
-0.04043537676040107	-0.010161692748980057
-0.04044805321220672	-0.010045331123224354
-0.04044804558388506	-0.01002884766590254
-0.04044801888219628	-0.009929441482486218
-0.04044799980978283	-0.009830936920678199
-0.04044795022014887	-0.009816929599148068
-0.04044789681557923	-0.009793550672466195
-0.04044786248449593	-0.009819426532700763
-0.04044779000673799	-0.0098537595819804
-0.040447728972475804	-0.009791600289534267
-0.040447683197419905	-0.009784468884184916
-0.040447625978153	-0.00983122325079801
-0.04044756112949157	-0.009856984132210568
-0.0404474886513164	-0.009719645346769385
-0.04044741617302201	-0.009762453295145043
-0.04044733988014957	-0.009759687155885922
-0.040447263587277134	-0.009742291659698471
-0.04044717203561563	-0.009732848435206875
-0.040447103371958906	-0.009600162902883694
-0.040447019449751535	-0.009553490801438119
-0.040446916453521393	-0.00967784701645725
-0.04044684778992428	-0.009712344942451335
-0.04045797544930771	-0.009727571039377242
-0.04045795256130291	-0.009724558163464929
-0.04045789915577959	-0.00975202613145471
-0.04045786100916454	-0.009751027248261655
-0.04045780378888435	-0.009748302976042204
-0.040457735124929596	-0.009778579506475513
-0.040457666460617214	-0.009771209837781151
-0.0404576054261166	-0.009768693243063219
-0.04045753294698775	-0.009774848580410778
-0.04045745665363846	-0.009773714386264579
-0.04045738798932608	-0.009772191041582758
-0.040457304066343854	-0.00977111236436416
-0.04045721632854515	-0.009805637089900942
-0.040457136220140966	-0.009870012067412498
-0.040457059926374446	-0.00986963424709529
-0.04045696837387847	-0.009835291425346426
-0.0404568768213229	-0.009759295709803146
-0.04045678526882692	-0.009799715290323155
-0.04045669371621174	-0.00984669421864664
-0.040456609793050685	-0.009845763542784105
-0.040456502981646436	-0.009913708489219525
-0.040456403799577115	-0.009922260512490644
-0.040456308432264665	-0.009861654877150728
-0.0404562016206816	-0.009869811442439182
-0.04045608336512595	-0.00981659828957706
-0.04045598799757508	-0.009725428713153825
-0.040455877371175536	-0.009667545587911918
-0.040455762930019123	-0.009697267039913065
-0.040455637045068944	-0.009695234070740279
-0.0404555264186098	-0.009608587052265938
-0.040455411977453386	-0.00951512183490049
-0.04045528227756751	-0.0095393463359368
-0.04045517546574603	-0.009544274665272643
-0.040455038136346426	-0.009582719254698951
-0.04045490080670839	-0.009554148074706378
-0.040454767292184855	-0.009612325477650395
-0.04045464903615237	-0.009663862845950074
-0.0404545155212712	-0.009663774313531158
-0.04045438200621122	-0.009713996000288888
-0.0404542446766328	-0.009790011084661649
-0.040454099717481026	-0.009882970252600421
-0.04045396238784299	-0.009882870219964847
-0.04045382887302143	-0.009883141250519078
-0.040453664840502536	-0.009880702046582394
-0.04045351988129115	-0.009985044518166706
-0.040453378736598225	-0.009964576653402665
-0.040453222333175845	-0.009966899211068204
-0.0404530735593268	-0.009931550307578337
-0.0404529285999366	-0.010044454784217387
-0.04045276075248201	-0.010044679744488262
-0.04045259671954589	-0.010045286234419807
-0.04045242887215091	-0.009995784778001879
-0.040452268653852444	-0.010006387230776131
-0.04045210080592102	-0.010034680900338907
-0.04045194058756294	-0.010052826400521088
-0.04045176511059462	-0.009992967686989282
-0.04045158200411254	-0.010021452843030302
-0.04045141415618112	-0.010045273134600278
-0.04045123867867636	-0.010045056795573984
-0.04045104412810249	-0.00993739026068719
-0.04045088009492794	-0.00992601943981779
-0.040450689358932125	-0.00989846918127721
-0.040450513881427355	-0.009946171183425995
-0.04045031551597741	-0.00994356183105735
-0.04045012477950476	-0.009804920177984044
-0.04044993404344935	-0.0098063311711089
-0.040449724233490365	-0.009806134524035946
-0.04044952968243966	-0.00980743604414812
-0.04044933131651287	-0.009693314357330764
-0.040449125321310765	-0.009625501958523661
-0.040448919326108654	-0.009587639028135557
-0.040448713330846944	-0.009585983808698068
-0.04044849970619069	-0.009586232579892245
-0.04044830896953922	-0.009534860419919773
-0.040448087715309625	-0.009532278832361837
-0.040447870275598485	-0.00960806508077678
-0.0404476490215477	-0.0096628700876664
-0.04044744684050641	-0.00960063159258744
-0.040447217956941894	-0.00956816821256013
-0.04044699670229507	-0.009542400487780898
-0.040446767818730536	-0.009542536103558744
-0.04044654274956525	-0.009588881380964148
-0.04044630242173012	-0.009589814807767388
-0.04044606209371617	-0.009588050107106212
-0.040445833209555596	-0.00962542063220987
-0.04044559669629852	-0.009623637247350847
-0.040445348738711216	-0.009709671415494402
-0.04044510841063766	-0.009708050641439384
-0.040444852823536624	-0.00976180762112143
-0.04044460105113285	-0.009742863695776656
-0.04044434164957296	-0.009715161136322495
-0.04044410132108217	-0.009605547710080757
-0.0404438495486784	-0.009505106315127783
-0.04044359014670128	-0.009534362163748712
-0.04044331930045354	-0.009535409563024618
-0.04044305989859563	-0.009470559570113246
-0.040442792867283577	-0.009457188047576946
-0.040442518206398194	-0.009383251793727508
-0.04044225117496693	-0.009348977274915349
-0.04044198414341646	-0.009419950043001345
-0.04044170948247146	-0.00943246666213431
-0.04044143482146685	-0.009429749708152866
-0.040441148716370445	-0.009591820707786528
-0.040440862611095224	-0.009651760253648247
-0.04044058795003102	-0.009762834397791935
-0.04044030565975108	-0.009763178486134231
-0.040439981407205186	-0.009760827017153025
-0.04043971056059982	-0.00977961435448786
-0.04043940538183826	-0.00977830800578906
-0.04043911164663208	-0.009778030660263165
-0.04043880265317326	-0.009766413428003027
-0.04043848984477876	-0.009764132415383505
-0.04043817703608624	-0.009701210947805386
-0.04043786804215058	-0.009745867934611163
-0.040437559048810974	-0.009773152654770642
-0.04043724624005884	-0.009854865752981869
-0.04043693343154513	-0.009936418898394493
-0.040436620622673794	-0.009936996812897714
-0.040436292555072986	-0.009869165066332699
-0.04043595685831608	-0.009846736439771214
-0.040435624975839204	-0.009920708479552131
-0.04043530072323369	-0.009919712663100343
-0.040434949767449296	-0.009929073389396269
-0.04043461407021555	-0.00992739684664187
-0.040434259299435865	-0.009927017429081343
-0.040433931231537046	-0.009926126176393707
-0.040433584090032684	-0.009940030689770042
-0.04043322550473454	-0.009938659369517468
-0.0404328669194364	-0.009840470517138178
-0.04043250833360183	-0.009828094153396213
-0.040432134489157	-0.009799865349495554
-0.040431783533372595	-0.009869310963363919
-0.040431409688510535	-0.009869362704700717
-0.04043104347316222	-0.009959887250988425
-0.04043066581425854	-0.00994216591797786
-0.04043030341366709	-0.009900933806796795
-0.04042991812513046	-0.009836355278330232
-0.040429532836117	-0.009816643242689771
-0.04042916662064946	-0.009815691217300191
-0.040428773702658696	-0.009890808390254842
-0.04042838841346642	-0.009889749722761024
-0.0404279764216317	-0.009890065234371116
-0.04042758731827859	-0.009910246614353118
-0.04042719821409102	-0.00990994660693278
-0.04042679385165083	-0.009888807902337841
-0.04042638948921064	-0.009807332822392129
-0.04042598512635321	-0.009821628293654168
-0.040425588393009526	-0.009821557584206669
-0.040425168771541856	-0.009757467870864338
-0.04042475677946871	-0.009838721378052886
-0.04042433715770301	-0.009844730826168217
-0.040423921350574966	-0.009799630564919294
-0.04042349409965316	-0.009901752839272991
-0.04042307447794706	-0.009903274006084485
-0.0404226395974519	-0.010001034154710561
-0.04042220853105796	-0.010055657173901365
-0.040421777465260066	-0.010077598780813433
-0.04042133876965041	-0.010078983175977708
-0.04042090770403133	-0.01007871192583423
-0.04042047663763738	-0.010118715654705821
-0.040420018868481795	-0.0099793896284938
-0.040419587802683885	-0.009981995864847909
-0.040419141477620095	-0.009988922477323635
-0.04041867607901036	-0.010045750807383107
-0.04041823356858422	-0.010047713823943876
-0.04041777198443334	-0.010024069017014078
-0.04041729895654829	-0.010025874533402345
-0.04041686026081941	-0.009994964869712004
-0.04041638723251712	-0.00999486596952428
-0.040415937092696454	-0.009995988184780253
-0.04041544880530708	-0.009993711144286996
-0.04041499103591306	-0.010041054035006118
-0.04041451037797781	-0.010102925681925778
-0.040414022090826854	-0.009988658878047346
-0.040413556691919095	-0.009969436927507038
-0.04041304551634612	-0.010141322803545662
-0.04041258774653487	-0.01014085813550335
-0.04041208801535171	-0.010182973733944473
-0.04041160354224237	-0.010181977076534588
-0.04041110381064199	-0.010140357121746432
-0.04041060789409649	-0.010135703518833908
-0.040410100532684345	-0.01013518391604047
-0.04040963513318053	-0.01013546116870409
-0.04040911251303892	-0.01013576459864149
-0.040408612781557746	-0.010180386429312115
-0.04040810160526951	-0.010122888253025207
-0.04040759424403617	-0.01011589792821668
-0.040407090697321284	-0.010162663379635893
-0.040406598594102144	-0.010047757605524165
-0.04040607597413934	-0.010005167151324676
-0.040405576241883304	-0.010024199056440681
-0.0404050498067464	-0.010013292111447941
-0.040404523371371084	-0.010133387270465413
-0.04040400838026637	-0.0101323950737338
-0.04040348575976712	-0.01007958557323437
-0.040402974583121254	-0.010080689382378178
-0.04040244814768633	-0.010119548276004144
-0.04040189119431564	-0.010121734502217877
-0.040401372388454065	-0.01013184229155669
-0.040400849767239566	-0.010133351824143958
-0.040400315702231286	-0.01015886041629827
-0.04039977019313121	-0.01019856147100031
-0.0403992475717975	-0.010175833855597222
-0.04039874020961048	-0.010175796373430484
-0.040398190885455515	-0.010241764831397313
-0.04039764919057586	-0.010175204627851191
-0.04039711512509074	-0.010119639157686943
-0.040396573430032286	-0.010120293545201905
-0.04039606225284997	-0.010120615647755807
-0.040395543446034694	-0.010027795526135188
-0.040394994121522095	-0.010028147430721068
-0.04039444479694988	-0.010030279738390933
-0.04039392599013462	-0.00997047368903657
-0.04039339192417266	-0.00997249575523404
-0.04039285785832991	-0.00997376216152263
-0.04039232379248716	-0.01009436100511161
-0.04039177828231419	-0.010059263291214662
-0.040391248030989896	-0.010060628485013701
-0.040390729223518974	-0.009985081684328342
-0.040390195157437796	-0.009985561030870768
-0.04038965346172368	-0.009961385036487276
-0.04038910795166992	-0.009961978762393266
-0.04038857007029543	-0.010027052998383986
-0.04038806652179237	-0.010031111792260718
-0.04038752101126178	-0.010031943599779382
-0.04038700601795168	-0.00999867680923683
-0.04038644143381554	-0.010062389726303486
-0.04038593025567954	-0.0100601307614564
-0.040385403817860405	-0.010051375669903165
-0.040384881195215376	-0.01005225785141754
-0.04038432805487301	-0.010063345692012055
-0.04038382069030179	-0.010016826533870088
-0.04038327517929435	-0.010004855805508518
-0.040382756370929355	-0.010010688591681298
-0.04038220704468821	-0.009977776508842623
-0.04038165771832785	-0.00995421835266684
-0.04038112365069696	-0.010010233798353176
-0.04038058195390994	-0.010029538963581268
-0.04038001736834329	-0.01003084113993509
-0.0403794718566802	-0.01005083467156805
-0.04037893397375598	-0.010047133484446158
-0.040378377017524246	-0.009965198384525104
-0.04037779717281091	-0.010008522904001149
-0.04037722495761131	-0.010077536472772873
-0.0403766603714486	-0.010001968249778597
-0.0403760652680654	-0.009961421719161898
-0.04037547779324227	-0.010051880203700193
-0.040374882689561034	-0.010050667205688028
-0.04037426469733859	-0.010017296048204342
-0.040373700110579835	-0.010065364801454557
-0.04037308593263741	-0.010068491562757175
-0.04037243360802035	-0.010064023763905208
-0.04037179272713747	-0.010045079580312446
-0.04037116710510325	-0.009993306572081513
-0.040370503335798356	-0.00998614825037698
-0.04036986245467704	-0.009986017249884106
-0.04036918342640426	-0.010051631490896955
-0.0403685043983699	-0.010057810086840499
-0.04036781774070258	-0.01012243509573726
-0.0403671501565812	-0.010090695486963525
-0.040366417722487086	-0.010092601648251927
-0.04036570817627854	-0.0100929864779175
-0.04036498718597821	-0.010058156415203107
-0.040364254751884085	-0.010206312847147535
-0.04036349179961579	-0.010207285871029202
-0.04036276699461818	-0.010210088238371724
-0.04036199641313418	-0.010221092212332798
-0.040361225831292535	-0.010237907415940085
-0.040360432361565314	-0.01022521722291981
-0.04035965415074638	-0.010301264912337148
-0.0403588683105925	-0.010302984082646372
-0.0403580405085303	-0.010184156952988086
-0.04035721270646809	-0.010183750381122412
-0.040356419236085225	-0.010181764383893122
-0.04035555710162841	-0.010148231504435347
-0.040354714040777125	-0.010149071711767127
-0.040353893867930625	-0.01014941402318136
-0.040353035548051856	-0.010149823982183113
-0.04035216959907658	-0.010070284840372248
-0.040351307464262125	-0.010069135302290654
-0.04035042625649779	-0.009971005534701744
-0.040349537419577336	-0.00997123207053347
-0.04034867146976759	-0.009947301667612696
-0.04034776737322361	-0.009917514267842362
-0.04034684801866543	-0.009947198196233709
-0.040345955366272834	-0.009949173246164681
-0.0403450283822009	-0.009949714459909735
-0.04034410902716588	-0.009951171488452502
-0.04034319730176379	-0.009952131865296893
-0.040342277947563225	-0.00995371343874941
-0.040341320445376715	-0.010090519802647066
-0.04034038964654791	-0.010090228315638236
-0.04033946647717324	-0.01007448766985151
-0.040338508975523185	-0.010053533415882386
-0.040337555288093546	-0.010122289739889441
-0.04033657871283793	-0.010123275398580893
-0.04033559832318309	-0.010074298581383504
-0.04033463319172126	-0.01015910077757601
-0.040333668060736266	-0.010134232619965598
-0.040332683856145725	-0.010145700490190455
-0.04033171491046346	-0.010146969972652894
-0.040330745963827526	-0.010292153223766204
-0.040329735056058094	-0.010366647769218591
-0.04032875466598601	-0.010303109506860917
-0.04032773231388637	-0.010257317844629838
-0.04032675192297982	-0.010254721248934145
-0.040325756273522605	-0.010255859928577447
-0.04032476443840504	-0.010254356938311565
-0.04032374208594778	-0.01025432397930273
-0.040322738806380765	-0.010315456360187462
-0.04032172789771727	-0.010315242356326101
-0.04032074369145778	-0.010392026767419344
-0.04031972133840446	-0.010386360130418687
-0.040318718057287734	-0.010400508698725238
-0.040317669000817104	-0.010402264653236336
-0.04031668479419999	-0.01039950262280196
-0.04031564718056944	-0.010399504923588711
-0.040314628641259696	-0.010440930654413778
-0.04031356051005102	-0.010440842319859893
-0.04031256867266846	-0.010417884622579395
-0.040311557761561145	-0.010419049484702318
-0.04031051251746318	-0.010349325658551805
-0.04030947490377303	-0.010346968575108832
-0.04030844491864293	-0.010359139483935369
-0.04030739967341248	-0.010355408407606377
-0.04030638113165892	-0.010427532454509305
-0.04030533970142375	-0.010393434891642444
-0.04030428682781203	-0.010347078324046077
-0.04030323013819174	-0.010351789629446495
-0.040302203966745616	-0.010244509541418666
-0.04030114346177241	-0.010265504750215006
-0.04030012873316639	-0.010323058345444575
-0.0402990377112707	-0.010304341624367688
-0.040297916170724	-0.010275422390778543
-0.04029686329496649	-0.01021312980656759
-0.04029578753019094	-0.01010689402355151
-0.040294673619038775	-0.010100686311330752
-0.040293601668602824	-0.010098141687162429
-0.04029252208936841	-0.010097549946787463
-0.04029142343629004	-0.010079483733069836
-0.040290298079734756	-0.010076647155342162
-0.0402891689084822	-0.010069693958315189
-0.04028797107232123	-0.010077935091163687
-0.04028683808625219	-0.010070438716487846
-0.04028568602693525	-0.010069276427755824
-0.040284472931806405	-0.010066211796150408
-0.04028334375954056	-0.010096626613653988
-0.04028211922061793	-0.01009592696211885
-0.04028094045710881	-0.010256202394815672
-0.04027975787902164	-0.010226043771056438
-0.04027843797147527	-0.010219436784291783
-0.04027725539374572	-0.010216126329308364
-0.04027599652040192	-0.010211004874734123
-0.0402747529075161	-0.01016566443425955
-0.040273448258758775	-0.01016314266557614
-0.04027215886926736	-0.010164128850849967
-0.04027089236664824	-0.010176760892285596
-0.04026960679066198	-0.010174381958420688
-0.0402682983272074	-0.010166263474955523
-0.04026698604845949	-0.010110607657094862
-0.0402656356236926	-0.010105380250331295
-0.040264338602660855	-0.010131836679397668
-0.04026297291892609	-0.01006704555918767
-0.040261584346590495	-0.010063830570519378
-0.04026020340311298	-0.010134826065993896
-0.04025882245933744	-0.010155521447025277
-0.04025745296048815	-0.010124557411055782
-0.0402560987199511	-0.010140990631019735
-0.04025466437041384	-0.01010463321298183
-0.040253245280023255	-0.010179186243588574
-0.04025181093030718	-0.010173877014275965
-0.04025040709828843	-0.010158811951937352
-0.0402489346016593	-0.010118221543427784
-0.040247492622965904	-0.010117581497641791
-0.04024603919970389	-0.010149246746235548
-0.04024456670396881	-0.010211393334337175
-0.04024311328064716	-0.010244646088249215
-0.040241640783660396	-0.010240252422734266
-0.040240111067049084	-0.010201491911328832
-0.040238600423864505	-0.010193399966909052
-0.04023710122346043	-0.010156460233586725
-0.04023560965227206	-0.010172840474611203
-0.040234083750000385	-0.010140203489632784
-0.0402325464032793	-0.010112729156606128
-0.04023101287125546	-0.010104636423444915
-0.04022945645051158	-0.010107471707977506
-0.040227941992331706	-0.010132344205663312
-0.040226343610156326	-0.010222259261860949
-0.040224802448678355	-0.010126706670950338
-0.04022321932386152	-0.010105723500190828
-0.04022164383040617	-0.010081815547076751
-0.040220083594309355	-0.010034480966082697
-0.04021846232502327	-0.00997356846344535
-0.04021686012683932	-0.010026077747624628
-0.04021532659386178	-0.010093781395380265
-0.04021367099092939	-0.010098498246334206
-0.04021208405278617	-0.010173556954372586
-0.040210447523161295	-0.010138954547570767
-0.040208849139555386	-0.009951630851762936
-0.040207193536026906	-0.009953056520617886
-0.04020551885913133	-0.009995528834988485
-0.040203935734731716	-0.009937983281919556
-0.04020228776119381	-0.009941457139054505
-0.04020057112131701	-0.01000006849535527
-0.040198938405137684	-0.009989794368568559
-0.040197248468737776	-0.010061218655295752
-0.0401955203853652	-0.010062174529324147
-0.04019388003919528	-0.009967488127151501
-0.04019213288233639	-0.009965523391816073
-0.04019041624234035	-0.00992288701107525
-0.04018865382567911	-0.009921968534239144
-0.04018690666828376	-0.009912668790116805
-0.04018510228893932	-0.009996475975825259
-0.040183347501434194	-0.009985034983432535
-0.04018155456671798	-0.00989995987572712
-0.04017976926229037	-0.009865517915563287
-0.040177968698358435	-0.009862159099092162
-0.04017601935932579	-0.00985992069639069
-0.040174226424013526	-0.009828703295961317
-0.04017237626812306	-0.00986362413716451
-0.04017050322351256	-0.00986023343499578
-0.040168580588076035	-0.009814650750679096
-0.040166696098181645	-0.009819030658368411
-0.040164765832039276	-0.009735950157044506
-0.040162835567089016	-0.009719718602179822
-0.04016085570952457	-0.009781429606580053
-0.04015888348296399	-0.009838185156544436
-0.04015685784825748	-0.009830891221909782
-0.0401549390259685	-0.009827099558723589
-0.040152917205661255	-0.00981982464891131
-0.04015093353214784	-0.009812118136925962
-0.04014891171225782	-0.009789255137038665
-0.04014676782110163	-0.00978652329147491
-0.04014480703595064	-0.009909132804610228
-0.0401426860325608	-0.009787225432001157
-0.040140679469969714	-0.00978104799183319
-0.040138497430767986	-0.009782011403438198
-0.040136399315323326	-0.009767063878559752
-0.04013428594049355	-0.009821835890409124
-0.040132157305921005	-0.009851296081081897
-0.04012991041525642	-0.009892958379388759
-0.040127716929221076	-0.009882307440385233
-0.04012548529633225	-0.009873725160151052
-0.04012323077591549	-0.009904997037852088
-0.04012095717950898	-0.009917811679483754
-0.04011856151231315	-0.01003044542077216
-0.04011623450931045	-0.009965784175378418
-0.04011378543551841	-0.009933202033523263
-0.040111359248360214	-0.009908807449114352
-0.04010881480516957	-0.009965561234679817
-0.04010620169611681	-0.009828821015126455
-0.0401035695111339	-0.009844015560247353
-0.04010068555565462	-0.009808124371628271
-0.04009793892659465	-0.009795401482399633
-0.04009491382463428	-0.00980962728603424
-0.040091835312918656	-0.009790550235263923
-0.04008860421241832	-0.009839204818891752
-0.040085281557514625	-0.009836344878207117
-0.040081726202084174	-0.009702339406818684
-0.040078064032746066	-0.009677543668024148
-0.04007407379741652	-0.009498049180646947
-0.0400699538573731	-0.00943675150278194
-0.04006565843893082	-0.009424771520054349
-0.04006113032037902	-0.009340437390688563
-0.04005629320866644	-0.009319699553243523
-0.04005120432311957	-0.009244022957652321
-0.04004610399097749	-0.009281042837974937
-0.0400408319962067	-0.009268068726876933
-0.04003546081841293	-0.009298116705525045
-0.04003012778735342	-0.009327086917415935
-0.04002511900991261	-0.009383050759672797
-0.04002010641914554	-0.009350207884620201
-0.04001560118871768	-0.009359137698361705
-0.04001147743731483	-0.00929935132821257
-0.040007830527421386	-0.009212335054795694
-0.0400046757227737	-0.009196311503149215
-0.04000190239059442	-0.009368049579604788
-0.03999949146425184	-0.009361962856773168
-0.03999737045806059	-0.009470848840354467
-0.03999531811415509	-0.009478198598748563
-0.03999320092385321	-0.00947603357288887
-0.03999100743871189	-0.009402398117715807
-0.039988569808892385	-0.009330665752722848
-0.0399859490685377	-0.009389878883504689
-0.039983053668370495	-0.009469773654628873
-0.03997999041931819	-0.009511487062413362
-0.03997677839290014	-0.009627884491197366
-0.039973371818352046	-0.009623149310464976
-0.03996995379613584	-0.00955759113122394
-0.03996645566325048	-0.009543450716245521
-0.03996303382675419	-0.009592262439313139
-0.03995954332523034	-0.009650686823578603
-0.0399561367477616	-0.00945540477353607
-0.03995307731078387	-0.009549037821569377
-0.03994991869453829	-0.009662754369563514
-0.0399469660718259	-0.00964487519281328
-0.039943975301365967	-0.009692142961601908
-0.03994122867582262	-0.009674815751943936
-0.039938352348307234	-0.009771312855030462
-0.039935601907291736	-0.009651709050824997
-0.0399325539138694	-0.009592496849398478
-0.0399294029232036	-0.009618218770416237
-0.039925969642913554	-0.00962954601457747
-0.03992218540284559	-0.0095598853193287
-0.03991837826952753	-0.009577327280783497
-0.039913976039382855	-0.009571166141770018
-0.03990937544241728	-0.00939891820604903
-0.0399044582189029	-0.009360033766072308
-0.03989950666192097	-0.009350062434739119
-0.03989442158672001	-0.009207803220527553
-0.039889420435216545	-0.009256407154791728
-0.03988452609523652	-0.00948801953734132
-0.03987965845783933	-0.009533259340222366
-0.039875134148501	-0.009704811901988233
-0.03987131938292735	-0.00986109056256362
-0.039867985273500876	-0.009775800971878806
-0.03986509748949581	-0.00978214664567709
-0.03986243859501581	-0.009645005499208456
-0.03986009632100495	-0.009654975372494917
-0.039857784567850475	-0.009733770743132062
-0.039855156190531385	-0.00978775086873456
-0.03985224170406274	-0.009771211945718217
-0.0398486138628276	-0.009733469484838417
-0.039844493918313725	-0.009659302932234258
-0.0398399810524712	-0.009775956619593986
-0.03983496464009258	-0.009696950688303476
-0.039830180928479154	-0.009755387983077162
-0.03982544299514029	-0.009738794774936173
-0.039821109426268236	-0.009929396911202256
-0.03981765324772137	-0.009981181366665539
-0.03981443358624635	-0.009774205578105578
-0.03981182047153098	-0.009832894574029132
-0.03980981008589785	-0.009802687754747224
-0.03980794084901079	-0.009643884470617628
-0.0398063004967611	-0.009605307309673801
-0.039804728808168106	-0.009553528940036795
-0.039803046490731735	-0.009665768096172336
-0.039801234470608085	-0.009612600198746343
-0.03979907531035096	-0.009651941320164824
-0.03979676355624275	-0.0095485185563007
-0.039794108475804287	-0.009581616116628921
-0.03979107954227831	-0.009469791094246746
-0.039787890391944004	-0.00953650353228114
-0.039784830937025284	-0.00962431536796729
-0.03978166466867578	-0.009537149304868603
-0.03977838395177881	-0.009638434820328615
-0.03977508797251645	-0.009545871087138912
-0.03977257782947401	-0.009662863433932795
-0.03977073144602084	-0.009718874441114881
-0.03976959842347348	-0.009575170853896253
-0.039768694277755125	-0.009534650826639787
-0.03976759557687328	-0.009721247338912208
-0.03976654264997422	-0.00980575873512765
-0.03976515401827144	-0.009875510576139423
-0.03976293376283525	-0.009769992125355004
-0.03976124755631388	-0.009703857191031697
-0.03976091558430956	-0.009588399837866962
-0.03976085827128391	-0.009553359837749168
-0.03975883639214729	-0.00980259842665558
-0.039753625438077235	-0.009745823226417961
-0.039746255396229654	-0.010046778011815196
-0.03973661562083275	-0.009817027185682222
-0.03972271856359367	-0.009829138743824649
-0.03969891449484198	-0.009779488555139939
-0.03965639513452619	-0.009872659438725109
-0.0395853718511478	-0.009904630496991373
-0.03948203000436515	-0.010114366928247482
-0.03937417546018544	-0.010378845353574013
-0.039338915967428716	-0.010349887144311
-0.039409996742479005	-0.010438763276836604
-0.03946894653494397	-0.009835540645766413
-0.039461126506577765	-0.00972868589247753
-0.039431691550554177	-0.00953181629332908
-0.039466439893596016	-0.009551697205419245
-0.03954188752334585	-0.009625231066247839
-0.039604491359540916	-0.009903440971195087
-0.03955945048445513	-0.010008725562569598
-0.03950434607272375	-0.009818603301993183
-0.03952124243105399	-0.010025444705877885
-0.03951142662912606	-0.010024013641781989
-0.03939345468249142	-0.01007687507459315
-0.03934970363499949	-0.010115655417674084
-0.039296713575266304	-0.010141809386394321
-0.03935649842056752	-0.009769004100009141
-0.03945984722487074	-0.010228756893382995
-0.03944849859586617	-0.00975908418189024
-0.039412135608625685	-0.009661046645084891
-0.03931681163475389	-0.00992822287760753
-0.0391935569430172	-0.009481721168514647
-0.0391933705111552	-0.009660106851356898
-0.03937723031725382	-0.00979915374776614
-0.039402465075457145	-0.00993008751012134
-0.039374651687231574	-0.0097129575721887
-0.03932907294227312	-0.00981966034872863
-0.03921279911802311	-0.010085556094164389
-0.03917788631541766	-0.009774219004950402
-0.039235275585143434	-0.01009186087843284
-0.039299173902221395	-0.010165496441057109
-0.03922658331913696	-0.009786063909362906
-0.03916689339607564	-0.00970224610749065
-0.03918202265500495	-0.00991055664718326
-0.03922115420852927	-0.010514053729605646
-0.039208718334251325	-0.009905891156424903
-0.03915899609099224	-0.00998529229631545
-0.03913507712361129	-0.009756534150473487
-0.03915309867689435	-0.010052248859169529
-0.039206779340538796	-0.0093927325849386
-0.03921929572884368	-0.009742597413896657
-0.03916593188988161	-0.01018977294045388
-0.039125846256717056	-0.009518864406487231
-0.03905275586911332	-0.00938978005802104
-0.039143668914285466	-0.009858156038566601
-0.039244393406672545	-0.010015397126378668
-0.039180358527878774	-0.010081277484732967
-0.039012318019813634	-0.009599533428709223
-0.038838090461814995	-0.009890002725432383
-0.038904196600758875	-0.011063040679231369
-0.038885390187943326	-0.010512071669657591
-0.03900694565340357	-0.009950690749421048
-0.03894497807460095	-0.009674081667383113
-0.03901658911551814	-0.009952471117061455
-0.03917689271092176	-0.010289671857190817
-0.039096447873943334	-0.011012885148469619
-0.03894965006307561	-0.010221430774512387
-0.03890008879323204	-0.010110187145527465
-0.03886281064384184	-0.010097971772803045
-0.03885155748880382	-0.010716313725419811
-0.038803163192331944	-0.010145441374366288
-0.038804678272445985	-0.010266963966273635
-0.03892142468594086	-0.010078624805734075
-0.038828767202364056	-0.010531434190963715
-0.03874303828647467	-0.010768678650484486
-0.03880639804837873	-0.010651783927799063
-0.038990734258262875	-0.010508447331432939
-0.03903783470468784	-0.010126960173645163
-0.03894725212398597	-0.00995801539108502
-0.038821872639302965	-0.009741146660663521
-0.03883968044710973	-0.009723850670481315
-0.03887218645030953	-0.010454386683666963
-0.0388145810830299	-0.010155926308043458
-0.038713172382530615	-0.010496624414922984
-0.03859721748354976	-0.010363552154330997
-0.038655519984197896	-0.010712864093541335
-0.03859805108304531	-0.010218809489589763
-0.03862799766960787	-0.010565059337727833
-0.03863452847822342	-0.010430401571059986
-0.038710136540680826	-0.010352642940306377
-0.038585821091015146	-0.01097032440819815
-0.03857342216790356	-0.01177877169847163
-0.0385585156403379	-0.010746208821995057
-0.038537356225577905	-0.010761099410502564
-0.038574148178116635	-0.010533782459551359
-0.03866321305379522	-0.010450007823085281
-0.038518095226350885	-0.01012387476164241
-0.03857265583662296	-0.010314359946708516
-0.03849228281406346	-0.010480305811356304
-0.03858454689998913	-0.011160984925838438
-0.03857152645428758	-0.011302377484574454
-0.03856382025222862	-0.011269165669162433
-0.038475629656331	-0.010927791291442104
-0.03857829596349285	-0.011644270011739398
-0.03843924985660562	-0.010860944416453362
-0.038497163707926156	-0.011389896461715229
-0.03845866090261782	-0.011560450927890152
-0.0384696368548833	-0.01068204875517342
-0.038436379879480974	-0.011117459647626829
-0.038490290817654815	-0.011621653177711914
-0.03847751074493133	-0.011395593460781244
-0.03845329121537499	-0.01159591218540158
-0.038335046528060766	-0.011776126884882674
-0.03826434022663912	-0.01114266810736163
-0.038125898149112145	-0.011916512465891394
-0.0383141876399695	-0.011848319797394537
-0.0382904671504857	-0.011205714458485524
-0.03814282961860227	-0.011350551229502069
-0.0382362914728308	-0.011864729688994557
-0.03813787449179733	-0.011585709441729828
-0.03834310134225041	-0.012112987647280957
-0.03813304412792477	-0.011808229199376784
-0.038204676959734785	-0.011791077814690737
-0.037983747277009525	-0.011556798425443887
-0.03797111885919314	-0.011436184193092417
-0.03812749653609874	-0.011744480002991074
-0.03811227888750713	-0.01161584999575843
-0.038114846621865275	-0.012065719077672284
-0.03806936869492147	-0.012403287084158042
-0.03819003853770736	-0.012619627202897162
-0.038064053542554974	-0.011605676186898384
-0.03809544860346693	-0.012120958693711196
-0.038051502859739475	-0.012185555163567752
-0.03801508824925044	-0.012037276251280999
-0.03815150651245552	-0.01258444543431481
-0.03811663516047971	-0.012280623871932178
-0.03800231039574046	-0.012042779872094208
-0.03788537724342875	-0.012247825085417824
-0.03769602163164991	-0.012611984343325108
-0.037752650190929715	-0.012319215100373036
-0.03812699513934728	-0.01269974159475768
-0.037921720881726746	-0.012936844943960378
-0.037751030714460995	-0.012734104134900517
-0.03778653713811718	-0.012407934019259485
-0.037997774721315096	-0.013170986037154556
-0.03797327678409761	-0.012699044848110828
-0.03759512491509848	-0.01255034067050923
-0.03777162102979358	-0.012715949630458166
-0.03790173890405509	-0.012670109294980357
-0.037702464636420595	-0.012927676960973742
-0.037775944447626685	-0.012530160500440255
-0.037797319574825086	-0.01281282777356249
-0.03756762967699404	-0.013882498965036776
-0.03761980240634088	-0.013146063401919232
-0.03778078059101988	-0.013952766997412436
-0.03760970816383833	-0.013360928733015174
-0.03766491489664637	-0.013073478836748696
-0.03762100085029656	-0.013431575215692732
-0.0376566036181359	-0.013188888752345406
-0.03750995182604755	-0.01351065503831509
-0.03752927770681106	-0.01366559856011711
-0.037647633325243436	-0.014346653833307603
-0.037645344034574965	-0.014095781644947104
-0.037769760935021664	-0.014334888207971077
-0.037573300974456894	-0.014285083755839494
-0.03745577294508877	-0.013895350548045398
-0.037438375685479454	-0.013686018468741339
-0.03751157793795028	-0.013777161889525852
-0.03752095124180119	-0.014411821739102966
-0.037269996758875754	-0.014420495287278737
-0.03731640963067536	-0.015114654574903212
-0.03746332660397635	-0.014465693798241292
-0.03747864749065872	-0.014305413913567318
-0.03743755121651096	-0.014527558334437567
-0.0374259805113451	-0.014594036918390098
-0.037461844201233316	-0.01418391480700057
-0.03739566282673248	-0.014212767768647655
-0.03742387832907018	-0.014532612543073533
-0.03728869970187336	-0.013948041435049121
-0.03736571863186186	-0.015126655509644172
-0.03710933449890128	-0.014840233464245602
-0.03708743759624481	-0.014864037671586738
-0.037180981004624594	-0.014821309679055346
-0.037204643152764366	-0.01492259565375297
-0.03721269844936143	-0.014710358085380721
-0.037039374200883116	-0.015292575007399641
-0.037014636867133126	-0.014969517355321852
-0.037152066390379226	-0.015080311379151286
-0.03725647630331496	-0.015749806666554282
-0.03701232945685196	-0.015345075752462592
-0.03685392173349997	-0.01527431725836212
-0.03693729513814987	-0.01564602448238865
-0.03714156359675725	-0.015785027805362627
-0.03689494310018132	-0.01524527485414771
-0.036925715263818715	-0.01608154839268016
-0.03693487826588857	-0.015867635485598476
-0.03678033713231985	-0.015624653712904847
-0.03690819904150572	-0.015836012266694614
-0.03686114215904828	-0.016037552404347337
-0.03681132420161183	-0.01621054133811135
-0.037020691815900335	-0.015804709321699698
-0.03660900735401944	-0.016330015491078608
-0.03682891899181365	-0.015886172307779854
-0.03702034469505838	-0.015816961414969518
-0.0366344205720253	-0.01647862971638054
-0.03660114768193711	-0.016550348021572257
-0.036577886974104995	-0.01668804461127753
-0.03695277369882003	-0.01659319667576577
-0.036537120428510636	-0.017274455732538763
-0.03681232036502116	-0.016786773336789042
-0.036610416174712085	-0.017116083917234595
-0.03656364097341824	-0.01601104176249527
-0.03664146312997707	-0.017051741347072994
-0.0368952017768518	-0.01680959334372689
-0.03661868036980919	-0.016524173706386355
-0.03632054657556134	-0.017016340229091726
-0.03642995209244276	-0.016384224112308967
-0.0365812333288552	-0.017175620838543335
-0.036496988753578694	-0.01737564638144414
-0.03667653161981481	-0.017832682095046536
-0.03639683945230373	-0.01706543179206295
-0.03639068795078385	-0.017139171946758396
-0.03626778951320305	-0.01810301712164315
-0.03653274948753922	-0.017998774070957787
-0.03628856130879697	-0.017301783877845714
-0.03640451042530836	-0.017799491590959712
-0.03629240706309609	-0.017516176706183006
-0.03630107482173654	-0.01714342719179756
-0.03627026344831853	-0.017471492343475423
-0.036180616079130604	-0.017668968450100814
-0.036088201245034354	-0.017983747751577683
-0.036415192582770116	-0.01780691906716838
-0.03613675157020507	-0.01738424044826395
-0.03620248939798896	-0.017982058759549047
-0.036167486211963126	-0.018021750003410636
-0.036075384516419194	-0.018017731927799697
-0.0360806644729284	-0.01786621112695213
-0.036130101311393485	-0.018338694275577286
-0.036154743402364284	-0.01805410917573705
-0.03617323621375105	-0.018123392210811724
-0.0357738029975765	-0.018282318849635805
-0.035922403505847085	-0.01879847642242363
-0.03585900505464718	-0.018555051975402047
-0.035965567386186864	-0.018740135438767545
-0.03606522516838527	-0.018924277136295745
-0.0359388594749801	-0.01784222374042072
-0.0360579449859	-0.018497374356468654
-0.035847549816114405	-0.018913365701691855
-0.03587648843234735	-0.01853949379058067
-0.035763630806656385	-0.01858710241501262
-0.03569054576548554	-0.018619236036563454
-0.035884939930048654	-0.018922733595657593
-0.03581555847818827	-0.01924278079572912
-0.03564527201119939	-0.018856822762402102
-0.035776403952610995	-0.019593546879016384
-0.035571543846319206	-0.01883106139143629
-0.03571407434171168	-0.019778172289692867
-0.0355572569202727	-0.01952594168392628
-0.03563581255565969	-0.01936936042120691
-0.03582832185875077	-0.020022548648528333
-0.03581128498893645	-0.019548821505054808
-0.03574465319212442	-0.019544266335270948
-0.03555958983125817	-0.01931979359305345
-0.035629285873273873	-0.01932939298754762
-0.03553935419094102	-0.019579995334568164
-0.03547006549790995	-0.019910227396213558
-0.03564290024050723	-0.01975034152842862
-0.035296430653958516	-0.019737628461039988
-0.03543427575152748	-0.0197004226580075
-0.0356626437551378	-0.01979701739819026
-0.0353631642090042	-0.02008382922888702
-0.0352568586596594	-0.020221350667789843
-0.03528781826266567	-0.020413824991611006
-0.03525048825873403	-0.01985408461176555
-0.035331608611690754	-0.02060824517374629
-0.035305332438470956	-0.020461712411808747
-0.03505066835215955	-0.02066250947345357
-0.035089815830361755	-0.02062789981112499
-0.03524295431218219	-0.021207415120501307
-0.03514990091714724	-0.020843172940459734
-0.03511525349634238	-0.021014998802336572
-0.03522641914351114	-0.021090814175126628
-0.03515144021481295	-0.020335821569971612
-0.035177806756623735	-0.020599060134988748
-0.03510251828865912	-0.02092317355786561
-0.03515356900908511	-0.020542991245316156
-0.03508605204529952	-0.02100887832684915
-0.035021547742996484	-0.021213146944266098
-0.03487512539629324	-0.021320602820314928
-0.03490747338858724	-0.020760829534693045
-0.03482655686821427	-0.021397404376879387
-0.03472893578937339	-0.021347368826875074
-0.03483912008394751	-0.021416530873569956
-0.03468690662599496	-0.021079329935789946
