train	val
-0.021125040180472315	-0.019596614039013804
-0.037440153801469714	-0.03631499701143138
-0.046155269088326276	-0.04414673213972778
-0.048014883741372506	-0.04516210714859755
-0.049194765038897866	-0.046282264332313576
-0.05020106980458181	-0.04702638027521864
-0.05098148853835883	-0.04778913144236355
-0.051498378653360155	-0.04874170770954946
-0.05182519618443523	-0.04859862756007575
-0.05204673454712662	-0.0482272607457265
-0.052227897697864005	-0.04834558207428521
-0.052423403922505406	-0.049055104924249186
-0.05262962553031021	-0.049203664276747265
-0.052792954067580396	-0.04904921657886408
-0.05295210936668958	-0.04899820053016162
-0.05310340661753525	-0.04909410421384442
-0.05321885272447588	-0.04904439377513893
-0.05332379280997532	-0.04905289413122175
-0.05341388590202847	-0.048750594122642904
-0.053508575579827085	-0.04865193970202048
-0.05360529111238674	-0.04882530683257737
-0.05369224458608885	-0.048965505085932275
-0.053773533276787064	-0.048829788791988696
-0.05382635269856653	-0.04887079052814356
-0.05388468834014006	-0.04894494385117866
-0.05392261897840268	-0.04890819765032616
-0.05396128602507786	-0.049252999147099415
-0.05397462318900944	-0.04965808865295421
-0.054018813693508326	-0.04973933208027186
-0.05405467270027597	-0.050006999465376824
-0.054102433566983396	-0.04983926697730511
-0.054152479328633915	-0.050135607789586444
-0.054197726000316186	-0.05005523888113008
-0.054233569258940274	-0.04987421209088655
-0.054269019677834096	-0.049889606877341564
-0.054295932557303646	-0.049622113701403917
-0.054342838742877854	-0.04979863037647743
-0.05438966845700011	-0.049835611122037944
-0.05443079498496873	-0.0500375389456487
-0.054476270413792494	-0.050078568503843006
-0.05451709574459017	-0.05008547378999118
-0.05455866887293889	-0.05026691433490521
-0.05458206841670659	-0.0503133626165213
-0.054600093295454365	-0.05019243937727253
-0.05462242879534518	-0.05003335417667081
-0.05464169340212757	-0.04987580791605515
-0.05465665493502617	-0.04993565635540597
-0.054672211542041625	-0.05006988856071124
-0.054687111947454466	-0.049965770748105306
-0.05470695240132344	-0.05040569443737424
-0.054729485989380815	-0.05059927755088328
-0.05475021518992667	-0.050639273512931085
-0.05477713957852007	-0.050727290304445304
-0.05480471250874314	-0.05107768849373884
-0.05482631920338818	-0.05103763656421787
-0.054847002740760153	-0.05101694477897295
-0.05486842633911627	-0.051072519395905874
-0.05488935783520775	-0.051162912686778875
-0.05491019395087455	-0.051206684651142406
-0.05493049981253501	-0.05127868094322392
-0.05494935991472017	-0.05146638849544604
-0.05496676282406716	-0.051312703419332736
-0.05498386819555086	-0.0514902093431768
-0.055000824793126	-0.05151090855226103
-0.05501669797066295	-0.051275900203322594
-0.055033391263289426	-0.05138132225921503
-0.055047177673331324	-0.05127140712526052
-0.05506215807700124	-0.05126711301448275
-0.055077298676200384	-0.05123276736616985
-0.055090741743579974	-0.05136692707340722
-0.055103040463529984	-0.05154908980480434
-0.055113515799850306	-0.051732319360932866
-0.05512151918551936	-0.05162730212403731
-0.05512856889848062	-0.05178511741948591
-0.05513400880514185	-0.051721437229866385
-0.055138224188317854	-0.05168702461560366
-0.05514195511972278	-0.05167003363345859
-0.05514379013263867	-0.05163711561925309
-0.05514627364683152	-0.05171621698588056
-0.05514920727968504	-0.05173221152143388
-0.05515229728341654	-0.05170955701388801
-0.05515686357922158	-0.05156181580360604
-0.0551616663690905	-0.051720595863530706
-0.05516737324024427	-0.051627883375439845
-0.0551729198822512	-0.05163070051443396
-0.05517875643272673	-0.05152411325794266
-0.05518479897602003	-0.051483462135639715
-0.055190810992377146	-0.051482360980816544
-0.05519772327800421	-0.05147106971138902
-0.055204772881467315	-0.05160596064119954
-0.05521305081148954	-0.05159973817727209
-0.055222209931632814	-0.05164081611747486
-0.05523203279723875	-0.0518345309449041
-0.0552424888987171	-0.051866143347554614
-0.05525228886213192	-0.051927137672830484
-0.055264167862797434	-0.051894429574836906
-0.05527427682861145	-0.05163914130831376
-0.055283218509165004	-0.05157098939669894
-0.05529281252989005	-0.05158480766773122
-0.05529635635760526	-0.051675495696367264
-0.05530516080311189	-0.05165430476834032
-0.05530921585175869	-0.05190132314843183
-0.05531736043224439	-0.05188051044626705
-0.05532212890175844	-0.0518328193936073
-0.05532771379045729	-0.05183150613033938
-0.055333230000657	-0.05194209018936085
-0.055337571254834406	-0.051991897915507734
-0.055343198119330306	-0.05202465273769755
-0.055350141080608165	-0.05194964718142498
-0.05535341801386393	-0.05229037048496931
-0.05535759141289892	-0.052164818198677104
-0.05536032283312097	-0.05225891486519055
-0.05536565209907581	-0.05225762636842208
-0.05537121022791181	-0.052278526528623824
-0.055374468101330225	-0.052317292663898465
-0.055377436158309576	-0.05225712176634417
-0.055384359984350796	-0.052451257677291564
-0.055390658147111096	-0.052348976221334546
-0.05539672363014732	-0.052384293449963634
-0.055401709524829694	-0.05236893060693751
-0.055408709599695447	-0.052038379508469144
-0.055416835029923436	-0.05203715071061235
-0.05542461716600779	-0.051968315414560186
-0.0554306521742015	-0.05203845677712562
-0.05543471497008043	-0.051935199807626536
-0.05543748838010405	-0.051989533849636525
-0.055438869401724294	-0.052087980082462945
-0.05543939594075399	-0.05211032341971437
-0.055441852728819165	-0.05215254913007186
-0.05544360759166551	-0.05217095958780554
-0.05544575918946454	-0.052176442314688334
-0.05544824648628533	-0.0523087482983179
-0.055453373580078784	-0.052316653735580816
-0.05545772246370876	-0.05227695172132708
-0.05545991601978002	-0.052226967848390336
-0.05546338369308302	-0.05225832852120478
-0.05546497073625013	-0.05213395846048866
-0.05547014734701839	-0.05220806117519732
-0.0554938826011319	-0.05223254788706523
-0.055491277169932594	-0.05229043422838647
-0.055492246098746686	-0.0522618653577617
-0.05549390170108324	-0.05226385374290327
-0.055495923553756855	-0.052315137719312
-0.05549930723422085	-0.052418497353694596
-0.05550199660932409	-0.052425135198663514
-0.055505765587325215	-0.05242949177544636
-0.05551061413132818	-0.0524596192077355
-0.055512876282391224	-0.05258682703967453
-0.0555175912938105	-0.052594795360242905
-0.05552183327639104	-0.05260079782136586
-0.055526636036337514	-0.05287158336313745
-0.05553136252612126	-0.05284100246323677
-0.055535406125191554	-0.05284746600057821
-0.055539094977860186	-0.05290225723271382
-0.055542791483944524	-0.05294697668296242
-0.05554736155200714	-0.0529133710374865
-0.05554865852738181	-0.052924179242481856
-0.05555376645458617	-0.05289768916657953
-0.05555620791543496	-0.0529807928197386
-0.05556026675511468	-0.052980303642443334
-0.05556306295980196	-0.052981117303819006
-0.055566664045465786	-0.05298576974114872
-0.05557071525813496	-0.052987011219849646
-0.05557415614832915	-0.05298834488325806
-0.05557736813153398	-0.05294395968848115
-0.05557920302833808	-0.052953462839427215
-0.05558312836124318	-0.05286321618178597
-0.05558447878458067	-0.052863474588422825
-0.05558808753093211	-0.05287723007232894
-0.05558874747940178	-0.052903414501849384
-0.05559156657882894	-0.05295903997903396
-0.055591978556419855	-0.052978211190284404
-0.05559428651257975	-0.052998825446080415
-0.055594591711548354	-0.05299802659989207
-0.05559757104626079	-0.05285203038681334
-0.05559837979176544	-0.05283528555054708
-0.05560141252282167	-0.05294675748423602
-0.055602385285168456	-0.052888278726584
-0.05560538366457815	-0.05288854592860719
-0.0556062076349564	-0.05288666886513021
-0.05560993839046513	-0.05292842121370306
-0.05561129641601667	-0.0529148396997344
-0.05561427567646206	-0.052959665687126616
-0.055615080602798524	-0.05286023032702254
-0.05561915850916935	-0.05286285111786749
-0.05562621954754482	-0.052867126747581025
-0.05563231163850976	-0.05288454033621684
-0.05563562285617609	-0.05286664060740356
-0.05563976183346606	-0.052941555514499444
-0.05564248557076635	-0.05298672835655829
-0.055646262160280166	-0.05297301037316992
-0.05564839842430729	-0.053015924370968824
-0.05565138157622112	-0.05301676592161082
-0.055652884589356084	-0.053011036550664935
-0.05565498273412685	-0.05306860238203308
-0.05565637892655922	-0.05307269075584235
-0.055657340283796104	-0.05297788046845284
-0.0556595566459754	-0.05296611785593143
-0.05565958719824428	-0.05296638370392733
-0.05566260849117034	-0.053072779102114095
-0.05566333330195022	-0.0530541856729382
-0.05566466086714433	-0.05305787726047418
-0.05566630884098066	-0.05305942487358568
-0.055666888704052744	-0.053061684635346745
-0.05566784620492858	-0.05309474339389783
-0.05567028382658228	-0.05312086609082359
-0.05567108872752737	-0.053260389865972875
-0.05567130999957887	-0.05326562218376551
-0.055677039711112784	-0.05323937282067393
-0.055676643011028724	-0.05331202272190209
-0.05568189971327395	-0.05331754218617376
-0.05568495533245477	-0.05332951330170675
-0.05568635917830191	-0.053331505040525994
-0.05568827801543272	-0.05333272988050117
-0.05569042573565098	-0.05340134206695029
-0.055689948940156886	-0.05340223250137566
-0.055691577854692434	-0.053403040662546294
-0.055695899960637264	-0.05332119245415296
-0.055694820433975056	-0.05333166623548713
-0.05569947823160947	-0.05333360509733776
-0.0557017442026749	-0.05333739750904519
-0.0557041322329659	-0.053339675421457504
-0.055706337160351074	-0.053341260178516786
-0.05570865271634119	-0.05327592615220145
-0.055710739386740274	-0.05329606781186095
-0.05571275358015626	-0.05326048938509449
-0.055715622266594364	-0.05326161750555578
-0.055718403212432495	-0.05326277601880568
-0.05572002447981142	-0.05326392714290673
-0.05572185556316955	-0.053324683515576204
-0.0557234005330268	-0.05326825098010851
-0.05572625778157183	-0.05327865150153692
-0.05572785997993477	-0.05327806188571932
-0.055727013136334345	-0.05327867613115498
-0.05573070199311634	-0.05324300125232293
-0.05573183501196843	-0.05324213546306106
-0.05573413148123991	-0.05333683449328098
-0.055734612176845555	-0.053327979683721626
-0.05574985966820786	-0.053334772559133554
-0.05575105751366725	-0.053344879253336815
-0.05575181665988105	-0.05335978356567982
-0.055755188907816056	-0.053362515567822684
-0.05575840092714097	-0.05336588279365115
-0.05576086524994675	-0.053405614905573794
-0.05576315409572459	-0.053406950435557175
-0.05576503859455935	-0.05350750960055887
-0.055764855496362224	-0.05350930274335884
-0.05576975746734493	-0.05356772442183373
-0.05577032968880274	-0.05357625827132285
-0.05577361419744826	-0.05354330066856602
-0.05577844368346092	-0.053510650893157985
-0.05578198376752492	-0.05351502253309652
-0.05578424592323655	-0.05353012099181308
-0.05578677510346544	-0.05353264696244715
-0.055790429632202515	-0.05353452053292389
-0.05579107053513917	-0.053534826038608985
-0.05579467929084705	-0.053537933350443545
-0.05579807825698109	-0.05354007759177704
-0.05580119489230396	-0.05360038085093048
-0.05580436874772811	-0.053601796659856434
-0.05580849630339665	-0.05363791986030041
-0.055810724132734066	-0.053713500821500434
-0.05581327238174066	-0.053715663251413893
-0.055816427192527246	-0.053719193122700945
-0.055819871909636984	-0.053723204514502576
-0.05582275585122802	-0.05370195306968516
-0.055824991297204474	-0.053719898102737376
-0.055826181510586964	-0.053722282749173934
-0.055827856196840185	-0.053725772190226014
-0.0558303243747551	-0.05372819089370161
-0.05583111022712798	-0.053699664494630046
-0.05583339146669748	-0.053691365025631974
-0.055836305960616485	-0.053695451047233236
-0.05583935012533414	-0.05369884066359396
-0.05584189837511559	-0.053703665631984546
-0.0558442787831645	-0.05370712318219604
-0.05584538507648556	-0.05375263256168593
-0.05584760907837031	-0.053756300755505644
-0.055850493057810556	-0.05376065744970522
-0.05585183203735317	-0.05376266520499757
-0.055854517623388875	-0.05376743964966301
-0.05585778306415146	-0.053695929742852866
-0.05585943485012162	-0.0536985336195437
-0.05586184195991903	-0.05370082280308322
-0.055864710651125304	-0.05370500423402922
-0.055867342852618476	-0.05370641543649046
-0.05586905186268326	-0.05368314721557526
-0.055871691669430644	-0.05365235825537648
-0.055874980008926205	-0.0536816442204068
-0.055877272665168884	-0.053784699109164745
-0.05588008794828857	-0.05380312895901718
-0.055882655300226194	-0.05380286727361175
-0.05588428419384021	-0.05380081687764957
-0.05588703845730088	-0.053800206533952386
-0.055888476649310966	-0.05379732591709678
-0.0558892625154523	-0.05379484105595875
-0.05589082661565833	-0.053762127866042196
-0.05589101356377916	-0.05376743618885977
-0.055891807059493946	-0.053764288762426386
-0.055893546642867366	-0.053762514370341255
-0.05589408837273505	-0.05377487807870855
-0.05589519091090357	-0.053811334974027486
-0.055896720684973804	-0.053811668945276066
-0.05589741879328965	-0.053772760433178295
-0.055899165971010044	-0.05377399295044508
-0.05590073767039154	-0.053773535040877916
-0.0559019431200924	-0.05377319576166427
-0.05590409465363691	-0.0538096271381396
-0.055904697389931785	-0.053847485022848224
-0.0559061737026887	-0.053847478586554504
-0.05590710070815918	-0.053869673439337684
-0.055908321414443636	-0.053869240743643174
-0.05590977486279942	-0.0539276383190403
-0.05591036612806101	-0.05392783697513116
-0.05591232312104534	-0.05392715071615285
-0.05591282282886382	-0.05392748653063197
-0.055914821766232546	-0.053933312018010694
-0.055915252827500934	-0.053929699790574305
-0.05591704956886758	-0.053928899106048984
-0.05591804903183032	-0.053927662671111036
-0.05591952149770337	-0.053943444494265504
-0.05592090245226758	-0.053919517374984745
-0.05592183321783711	-0.05391798651222873
-0.05592403052906014	-0.05391560865403386
-0.05592501087794549	-0.05396977509696759
-0.05592705940709387	-0.05397648931607159
-0.05592741798333242	-0.05397490557977411
-0.05592932536552293	-0.05397403744147718
-0.05593065288273494	-0.053974502948829765
-0.0559321062814993	-0.053982511832309836
-0.05593325072912445	-0.053982302247183145
-0.05593442183748972	-0.05398273723126162
-0.05593621479032576	-0.05398256766798425
-0.055937481259625915	-0.053982735721795516
-0.05593930472163565	-0.05398251649020453
-0.05593987310705823	-0.05399044624476864
-0.055942127637071105	-0.05399842696816226
-0.05594323771373739	-0.054007752063348374
-0.05594507260285147	-0.05400859033927396
-0.05594638870058818	-0.0540087043281652
-0.05594798706863685	-0.054008658859828265
-0.05595070317773434	-0.05402348488008286
-0.055952595249160575	-0.054055655818875566
-0.05595446449767043	-0.05405612539191986
-0.055955639418468164	-0.0540160743752528
-0.05595787488119381	-0.05402325741684707
-0.05595928631125518	-0.0540244172907054
-0.0559613310272561	-0.05402543997025116
-0.055961979523586336	-0.05402674470640297
-0.05596448582779116	-0.05402621098647888
-0.055965740854847415	-0.05402825463333925
-0.055967945779073505	-0.05409003973429544
-0.05596903297804675	-0.054091191803440714
-0.055971443899918746	-0.05409255005615708
-0.0559735458106894	-0.054094490012825354
-0.055975323474278214	-0.05410148390736006
-0.05597658618335998	-0.05410869689241783
-0.05597845923303669	-0.05410882613868533
-0.05598034373056071	-0.05411050280686496
-0.055982258736244996	-0.054120582161164624
-0.055983166668527054	-0.054121609396750384
-0.05598467350053088	-0.05412250296959889
-0.05598594384282195	-0.054080780297148
-0.05598708826815471	-0.05408266505325296
-0.05598747740923802	-0.05409042658128288
-0.05598861040216151	-0.054091010517244485
-0.05598968998074066	-0.05409325548470893
-0.055990163014049785	-0.054119750118399965
-0.05599002571653919	-0.05412178717724579
-0.055990948912914736	-0.05412255357384688
-0.05599164319896368	-0.05411664514661927
-0.05599241379904428	-0.0541376684351612
-0.05599218492018886	-0.054140794652237256
-0.05599318442499364	-0.05414111172984531
-0.055993710846123645	-0.05414483134865059
-0.05599462260275852	-0.054176859658488334
-0.055994496714470696	-0.054178854522781435
-0.05599600741720013	-0.05418089475260389
-0.05599724338596886	-0.05418432196546931
-0.05599867775708282	-0.05415737516725219
-0.055998815069674086	-0.054160960730834255
-0.0560005775079716	-0.05416265079718715
-0.056001161132752005	-0.05416505408612538
-0.05600217207068118	-0.054168214246205056
-0.056002751893340905	-0.05417060424744549
-0.05600445328706455	-0.05420193601930152
-0.056005296317458014	-0.054265291358366365
-0.05600613939148165	-0.054273348151588734
-0.05600687182247646	-0.05427561021365887
-0.05600818792992828	-0.05427737272015858
-0.05600946968048861	-0.05427913241902662
-0.056010411918879094	-0.0542798438619864
-0.05601137324082958	-0.054281228570444706
-0.056012258255542506	-0.05428300328206343
-0.056013261556329096	-0.05428446859612634
-0.05601371167606313	-0.054284739564569924
-0.05601458908343544	-0.05425760512177386
-0.056015424492302145	-0.054258257538003174
-0.056016397269132205	-0.05425820272844316
-0.056017923182251864	-0.05428224521940176
-0.056018903577211426	-0.05431691760176401
-0.05602076518726676	-0.05431700292887514
-0.056022138487044675	-0.05434505943980234
-0.05602364914298445	-0.05434430649018996
-0.05602505296552607	-0.05434573723341059
-0.05602608295286153	-0.05434520801378244
-0.05602702139091971	-0.05434611489700454
-0.05602813530278712	-0.05434675737976413
-0.05602926829565103	-0.05434675751902514
-0.05603005794942947	-0.05434604312171881
-0.05603086288023583	-0.054347003445057565
-0.056031019292122376	-0.0543523603939039
-0.05603175938416152	-0.05434991678466981
-0.05603262914932431	-0.05433741139068847
-0.056033697294122733	-0.05433831907691991
-0.056034456429488545	-0.05433887736163097
-0.05603525372255571	-0.05433984637865531
-0.056036123493976894	-0.05434036685976593
-0.05603704285467457	-0.054341444645256455
-0.056038244519957064	-0.05434108628779525
-0.05603860311669952	-0.05434363073193348
-0.05603938897014512	-0.054344646667776296
-0.05604054102791233	-0.054346462929131825
-0.056041441303381484	-0.05434712675149472
-0.05604247129417387	-0.05435386522061957
-0.056043455496439985	-0.054354891457156496
-0.05604439392519982	-0.0543553340383301
-0.056045404840419734	-0.05435595974118957
-0.056046308932851174	-0.0543568905914267
-0.05604721303362711	-0.05435647917250892
-0.056047869177948274	-0.05435778384570435
-0.05604851386834303	-0.05435854813746521
-0.05604962777663411	-0.054359584456242054
-0.056050570016157354	-0.05436011859587475
-0.0560515160647155	-0.0543601796692107
-0.05605262615687882	-0.05432452374822519
-0.05605342724729841	-0.054341257517638665
-0.05605425122751092	-0.05434115832802586
-0.05605524306507221	-0.054341638989468435
-0.05605587630732196	-0.05434203552724693
-0.05605677658654604	-0.05434167692185865
-0.0560577913211719	-0.05434187918187349
-0.05605844746596983	-0.054342499461139455
-0.05605905782826102	-0.054343226187554314
-0.05605965292252451	-0.054381596475520724
-0.05606032430185244	-0.05438520444688077
-0.056061369536055866	-0.05438686151799244
-0.056062136294259574	-0.05437694714363563
-0.05606288779498559	-0.054378773027691
-0.056063841487302785	-0.05437994800689971
-0.05606453958149226	-0.05438710059872652
-0.05606543223382533	-0.054387989360247385
-0.05606635922206963	-0.05438937139169062
-0.05606714886917236	-0.054389142528996834
-0.056068236073688556	-0.054390055047501336
-0.056069048611060934	-0.05439080204915405
-0.056069899288611086	-0.05439207086896742
-0.05607095215632183	-0.05439283231688179
-0.0560715167354513	-0.054393092477415875
-0.05607211565663123	-0.054394957856892245
-0.05607248188515219	-0.05439649164939859
-0.05607282140644131	-0.0543975842273415
-0.05607354622669781	-0.05439898278678431
-0.05607404214801185	-0.05441331853260966
-0.056074766951996334	-0.054421308140411274
-0.056075110288995964	-0.05442276683034034
-0.056075083590406936	-0.05442306440916994
-0.056075568069238406	-0.05442367484276059
-0.056075320116300474	-0.05442385943505897
-0.05607558333911428	-0.054424391047572754
-0.05607588852324035	-0.054424650549037244
-0.056075339203258065	-0.05442537152968981
-0.056075652020355096	-0.05443495029644838
-0.05607557572050924	-0.054434670389224324
-0.05607533920540457	-0.05443509147840104
-0.05607610215189119	-0.054435686672245104
-0.05607577407874738	-0.05443609944251467
-0.05607568634643218	-0.05443579806328995
-0.056076834569117336	-0.05443615678025634
-0.05607570924498753	-0.05444295241357328
-0.056074705970844664	-0.0544433110353321
-0.05607605638637273	-0.054444150293527435
-0.05607643786539756	-0.054444310467902976
-0.056075552829763356	-0.05444421887416704
-0.056075674945256275	-0.0544148747789209
-0.05607532398076948	-0.05441463842124476
-0.05607582751156987	-0.05441605751914193
-0.056076125091692804	-0.05441598899478747
-0.0560753125285115	-0.05441640491316666
-0.05607590763415952	-0.054416919837219496
-0.056076201397797086	-0.054417775400411324
-0.05607450765230306	-0.054425049169774246
-0.05607527443148753	-0.05442603719737007
-0.05607612510915656	-0.05442742158344165
-0.05607543843378661	-0.05442681043855051
-0.05607659815939323	-0.05442107706100407
-0.056075201953490916	-0.05442084103412905
-0.05607476707162528	-0.05442158033974909
-0.056074461919090705	-0.05442053887576105
-0.056075766490123864	-0.054421321745137294
-0.0560780324040279	-0.05438151452669467
-0.056081099456988616	-0.05442143634348912
-0.05607922260572746	-0.05442840836544688
-0.05607884112324581	-0.05442822863223422
-0.056077887434027335	-0.054435035242507396
-0.05610766922500502	-0.054452415947695086
-0.05610784088328262	-0.05445215232628138
-0.05610847032120613	-0.054451642998404146
-0.0561084436216631	-0.05445115911166496
-0.056108767877725674	-0.054450953098991284
-0.05611013736632269	-0.05445125479482467
-0.05611122074964459	-0.05445131604465665
-0.05611069432368679	-0.054451771178116275
-0.056110732477216076	-0.0544516592033946
-0.05611107580402307	-0.05445696186351187
-0.05611080115297246	-0.05445702677906645
-0.05611031668725412	-0.05445701490105474
-0.05610996954741858	-0.05445750718403905
-0.056108657289115176	-0.05445672573949057
-0.056107879085210234	-0.05445656432046574
-0.056106780448821184	-0.054456256172090246
-0.05610628071251183	-0.054456088534269524
-0.05610522402509681	-0.05445048095982499
-0.056104895947005365	-0.05445075583642288
-0.05610406432655027	-0.05445109918671484
-0.056104464867855676	-0.05445057295876606
-0.05610457168128631	-0.054450645447553646
-0.05610510956826352	-0.054451206353413655
-0.056104377151872074	-0.05445196093295945
-0.05610414065876128	-0.05445802762922336
-0.056102942861522176	-0.054458830339661195
-0.05610215702500399	-0.05445835889081462
-0.056102164654755614	-0.05445764168672379
-0.0561021417888048	-0.05445633572995098
-0.05610780661549577	-0.05445743225416465
-0.056110709624910445	-0.05445785188427561
-0.05610936302145687	-0.0544579091075849
-0.05610658213248192	-0.05446291272581983
-0.056104178905688855	-0.05446469652507421
-0.056105639916621715	-0.05445875684487242
-0.056105498770379625	-0.05445898142767543
-0.05610279033687056	-0.054456831197202064
-0.05610435434534496	-0.05445771438728419
-0.0561066087988848	-0.0544576205246236
-0.056108153818511794	-0.05446981397196958
-0.05610625408580324	-0.05447001916235741
-0.05610765408977345	-0.0544696093618076
-0.05610703993829581	-0.05446266173486704
-0.056107253564621	-0.054477503554684066
-0.056108283502603225	-0.05446508742643359
-0.05610525465192775	-0.05447667439291806
-0.05610316418113603	-0.05446553399234362
-0.05610352283551587	-0.05447818933460516
-0.05610279798843827	-0.05446579309592302
-0.05610160022350465	-0.054476360297634314
-0.056098205135846395	-0.05446330707291712
-0.056103915762091415	-0.05447817664663492
-0.0561051860230799	-0.054464410089073684
-0.05610225628479694	-0.05446501804506921
-0.056105613248014066	-0.05447965589866356
-0.05609908249463924	-0.05445680165814623
-0.05610818436946847	-0.054472681407581075
-0.056108729791188854	-0.05447092357438097
-0.056107917353773205	-0.054465037405679186
-0.05610437730654512	-0.05450124240833041
-0.056101504820489104	-0.054486710513617136
-0.05609754900541182	-0.05448648359610925
-0.056102542464398546	-0.05447964872134455
-0.05610001320698157	-0.05446435708186354
-0.0560996279087904	-0.054464449901208245
-0.05609631297316474	-0.054483832591557466
-0.05609900233634595	-0.054461344538350956
-0.05610358757927378	-0.0544748129354759
-0.05610521652057204	-0.054492667335292545
-0.05610092491080848	-0.05449804728857533
-0.056103393041754775	-0.05448418098230838
-0.056100982126855437	-0.05448247702576157
-0.05610299634435218	-0.05447836423093114
-0.056106795619749975	-0.054491958085716795
-0.05610723816826436	-0.054478934613130185
-0.05611152592190323	-0.054528622357095026
-0.05610363720919946	-0.0545343878569896
-0.0561134408819909	-0.054523110419656316
-0.05610688722231453	-0.05452270750201141
-0.05610818430962618	-0.05451947598590289
-0.05610945833208564	-0.05452662366661077
-0.05610434659340182	-0.05451394919916796
-0.05611044253846189	-0.05452411612688978
-0.056106116561912237	-0.05454119837897557
-0.0561100000027635	-0.05452762287863826
-0.05610810796483476	-0.05453010070182571
-0.05610621967079491	-0.05454617599267512
-0.05610217989673169	-0.05453691305042215
-0.05610263000025477	-0.05453757609918248
-0.05611038917483865	-0.05452347473163854
-0.05611504302658815	-0.054536422326252984
-0.05610887842722851	-0.054505523973316296
-0.05610564366956653	-0.05449796463680259
-0.05609870097925516	-0.054522168429276444
-0.056108519974014594	-0.054535758647916203
-0.05610925995852898	-0.054550183844649304
-0.056100302950939276	-0.0545464583569541
-0.05610646750178134	-0.05449658330501841
-0.05609975374355249	-0.05450224674461663
-0.05610143216051761	-0.054518317251044494
-0.056105224038207245	-0.054502674916838405
-0.05610894712986771	-0.054515312562553465
-0.05610494944992045	-0.054495461366307965
-0.05610300402780512	-0.054516669065133076
-0.056109481344720664	-0.05454526990478771
-0.05610272153421485	-0.05450695035905181
-0.056102286790331996	-0.05449757633732347
-0.0560971980777006	-0.05445365216969667
-0.05609223129775278	-0.05448277496120595
-0.05608640234877683	-0.05451337905872715
-0.05609623665102467	-0.05451831966752703
-0.05610133303507036	-0.05453985103221541
-0.056110953786152926	-0.05452521795196333
-0.05609047640343361	-0.054471931714741136
-0.056092444734770625	-0.05452323806187129
-0.05609615637775278	-0.054486710304309245
-0.05610127202978134	-0.05451824104390999
-0.05608993852379301	-0.0544800527703144
-0.05609508049978932	-0.054536090555264025
-0.056095824553450135	-0.05453059347716821
-0.056105620587369155	-0.054530053551556476
-0.056107913360140746	-0.05452685985552352
-0.05610494914974702	-0.05453891447823541
-0.056091231735427856	-0.054442085242974024
-0.05609811329593115	-0.054500581167218745
-0.05609329918154251	-0.05447554145219005
-0.05608892764463038	-0.05451921008381207
-0.05609173130872087	-0.054497855464626425
-0.05609387915363114	-0.05449769085964649
-0.05608888933374397	-0.05456541918382452
-0.05610044016768664	-0.05452898195118875
-0.05610115754457325	-0.05451365764824044
-0.05609477129318022	-0.05451065501992944
-0.05610752808114165	-0.054519805319311984
-0.05611064836778386	-0.054514001945087764
-0.05609316570224752	-0.05452973515238941
-0.05609045333327744	-0.054507166533963924
-0.056098487111232116	-0.054520278407212484
-0.05609599233592974	-0.054496369546233665
-0.056109153053185014	-0.054565267461526276
-0.056100013027091895	-0.05452151215568575
-0.05610087506719245	-0.05457335258912796
-0.05609471066876033	-0.05450702593761256
-0.05609239115704816	-0.05451362106354338
-0.05611080860455565	-0.05451363254949628
-0.0560801842712924	-0.054515306235897315
-0.056071631341533354	-0.054559543402042415
-0.056077750187894834	-0.05455246410160566
-0.0560709064955916	-0.05451095187218541
-0.056086539212777654	-0.054579723121802405
-0.05609606441594843	-0.05454144267481584
-0.05606560010351291	-0.05452598554970139
-0.05606489443834241	-0.054484732944450956
-0.05608370869626051	-0.054529028127093315
-0.056097518085850236	-0.054556185623417026
-0.05609923473532581	-0.05444331799188295
-0.056090094306307556	-0.05452077822933678
-0.05606658082188623	-0.05454487494328826
-0.056072737192766536	-0.05449119586970222
-0.05607729238380223	-0.05448822783032801
-0.056086706834448025	-0.05449518487385426
-0.05605586109419033	-0.05444332598078889
-0.05609260466339002	-0.05454021131739914
-0.05609112813897123	-0.05454091892713188
-0.0560769983205323	-0.054537220251591335
-0.05606783928329979	-0.054544544872688366
-0.05607345506324184	-0.0545134503557564
-0.05605480044449141	-0.05453181174314578
-0.05607122688879113	-0.05456927647115808
-0.05606463896895957	-0.05455671864186095
-0.05608715694870052	-0.05450584853795344
-0.05612972231229794	-0.05454107186004351
-0.05613082867249286	-0.054573249226300725
-0.056132339234259816	-0.05454835176542617
-0.05613452492865332	-0.05453942646387635
-0.05613602419492032	-0.05454406634211788
-0.05613004256620063	-0.054544629172241704
-0.05612242073055123	-0.05452309523561629
-0.056122092753311585	-0.05449452697910764
-0.05611384159275017	-0.05454305903434893
-0.05612598742415362	-0.054485657467429185
-0.0561204599954108	-0.05449004764067756
-0.05610972914340347	-0.054532234848525804
-0.05609707943143339	-0.054515686777558005
-0.056123511563560276	-0.0544682174135676
-0.05610161518564114	-0.05453219052479863
-0.05610039444567715	-0.05448954163862847
-0.0560984338340957	-0.05453294380533455
-0.0560922845191579	-0.0545406657225135
-0.05608798884333799	-0.054493870442803544
-0.056108260129109085	-0.054587377076843226
-0.056095965408342885	-0.05458274299520351
-0.056103938352067506	-0.05454677725692577
-0.05610304554345139	-0.05459981029595996
-0.056074576402446064	-0.05461325554730333
-0.05610808469643115	-0.054562966810636264
-0.05607917672242403	-0.05454049752118753
-0.05610858061697025	-0.05456537737082351
-0.0560895223199242	-0.05459186155787935
-0.056103793151275325	-0.05459603921992906
-0.05609376049639098	-0.05461881856812647
-0.056100592850942495	-0.05454352007686307
-0.05608009238709755	-0.0545123448972632
-0.056083704803005015	-0.054600258940740255
-0.05609190278007189	-0.05455331215940399
-0.05609026608957283	-0.054567935786550455
-0.056078238380087415	-0.05458720757381107
-0.056076109969874464	-0.054544680424699926
-0.05608447901941556	-0.05457796087406717
-0.056071119980229296	-0.05452999507237601
-0.05610757353331422	-0.05457136300756374
-0.05609754862775122	-0.054556140824142306
-0.0560664699151674	-0.05460286462852339
-0.056082327781690915	-0.05458796473766942
-0.05606443285681588	-0.0544956650562077
-0.056071615849156514	-0.05461485999373268
-0.05605868411524681	-0.054563718978496226
-0.0560705557469301	-0.05459817195011355
-0.0560687627142233	-0.05463346723808774
-0.05607597955043267	-0.054544280849099784
-0.05607820029576289	-0.05457773058049337
-0.05607020026279875	-0.05453149184116925
-0.0560842729213391	-0.05463637971879973
-0.05606250237990344	-0.05459519270389171
-0.05605441130281581	-0.05462391886265197
-0.05606970840175407	-0.05445109406160393
-0.056075106505460895	-0.054576823536579354
-0.05606642760415342	-0.054586056654743774
-0.05603010790587338	-0.054498106713755115
-0.05604143370122709	-0.05462998612292161
-0.05606280756665556	-0.05460527960838282
-0.05606897566009696	-0.05453034521103711
-0.05605100116671418	-0.05451836908792378
-0.05606377272505268	-0.05449043370874371
-0.05601925494564639	-0.05453926144657689
-0.05605675733782172	-0.05460357787994555
-0.05604129637099096	-0.05455521532084658
-0.056041296876143995	-0.05464655913400915
-0.05604246355885925	-0.05459654249865417
-0.05604082733196719	-0.054555764131201175
-0.0560804542069524	-0.05456856862573483
-0.05608697364056397	-0.05461774640548719
-0.05610199956000721	-0.05466183097526136
-0.056035184892246584	-0.05455319894155433
-0.05603537575793901	-0.05448659511667587
-0.056035234164421216	-0.054623013783214526
-0.05606520312208734	-0.0545821086789819
-0.05604735428108534	-0.05458622403966349
-0.0560519048967479	-0.05467279775124542
-0.05605057361973188	-0.054603306603248095
-0.05604759010297418	-0.054585562963408954
-0.05600364055592076	-0.05455102609540472
-0.056018117927191344	-0.054639493928004275
-0.05604438571250259	-0.05468328106445554
-0.05603073262822092	-0.05464408259668589
-0.056046056521896585	-0.054667307513165064
-0.056025266050217556	-0.054675126383782933
-0.05603999111318826	-0.05460352268870546
-0.05599419191152195	-0.054635865887853914
-0.05602097114061908	-0.05461110396794821
-0.056048230766466325	-0.05461919322565572
-0.05599973840534437	-0.0545735743395139
-0.05601505838561101	-0.05465631570799281
-0.05603268963736172	-0.05459761506106591
-0.055979413161458845	-0.05463712039256923
-0.05601585899709579	-0.054640155402631285
-0.05602361827671571	-0.05459381706595904
-0.05599403149593522	-0.0545958485053759
-0.056000753360977075	-0.05448021583411983
-0.05600515490554722	-0.05449361947086022
-0.05599738841890961	-0.05458353414005102
-0.056013120008403375	-0.054606390228896996
-0.05600016500406275	-0.05457364094057652
-0.05597867285369917	-0.0546274594658806
-0.05600761842165785	-0.054620322436337444
-0.056086283035235336	-0.05461866612713019
-0.056093298405128764	-0.05464941042259434
-0.05607126496567137	-0.05464935525201812
-0.056099310499622246	-0.05469120853836541
-0.05610284281898869	-0.05460715548229917
-0.056057123648896506	-0.0546822601669684
-0.056053533511951054	-0.054579744278754214
-0.056052526719460136	-0.054606323466387774
-0.05610103478195181	-0.05469149412453826
-0.0560714329745882	-0.05457001717775547
-0.05608402859348941	-0.05458801887387457
-0.05605695177931494	-0.05464795809533846
-0.05605377369589371	-0.05469879066532658
-0.05605159580314579	-0.054641047121946465
-0.056088468585612276	-0.05462267212343072
-0.056048696290799935	-0.054633188799219114
-0.056046071668988603	-0.05451838839326051
-0.05603706921887316	-0.05463904903858627
-0.05605226712346551	-0.05466874077022671
-0.056034383535147045	-0.05463400327772285
-0.05604142565799531	-0.05465887261473694
-0.056058499797350406	-0.05457634378240359
-0.056068410756828904	-0.05465411434253423
-0.05602963805037929	-0.05466685758692293
-0.05601553454637238	-0.05447323027436214
-0.05604044896215687	-0.054643255443314664
-0.056027364535096054	-0.05469809885692531
-0.05604342446290819	-0.05459318168259539
-0.05603392555069487	-0.05456198467020141
-0.056042492796362496	-0.054613165033225275
-0.05604472512435015	-0.05461006062599803
-0.05603587808608752	-0.054707986092322414
-0.056010331965088894	-0.05466761588370692
-0.05602912656033932	-0.0546177291158202
-0.056003789118702164	-0.05453872956144469
-0.056018110141635005	-0.05468956313962146
-0.05602459080206551	-0.05459617037836869
-0.056019200535349846	-0.054660738896390074
-0.05598146565979187	-0.05450541294853465
-0.05600040977244677	-0.054639213449371726
-0.056036587826248735	-0.05449430884654723
-0.05602222923623715	-0.05463106996374501
-0.05600450208281744	-0.05466646200390637
-0.05601804873555713	-0.054631279477186226
-0.056000611527795424	-0.05467182127881762
-0.05599791845202958	-0.05459108374353831
-0.05599276452671867	-0.05461706371979344
-0.055991703974902426	-0.05460434835591937
-0.05600022571664593	-0.05465999151926208
-0.05600545970706711	-0.054625275148952226
-0.05599767001085698	-0.05463953624434419
-0.05598727570073274	-0.054746871296862266
-0.055964451426736596	-0.05464193052857744
-0.05599949751059664	-0.054675613188082846
-0.05599837201284193	-0.05463414907548803
-0.055923905145453055	-0.054599013107860424
-0.055984242356645765	-0.05463893877138328
-0.05597945846163259	-0.054627386860588815
-0.0559769908717695	-0.05467164615561133
-0.05594495841239921	-0.054668124525791936
-0.05594669746850196	-0.054680201938978386
-0.05595903108691969	-0.05475159271134488
-0.05597478941909222	-0.054633026239390876
-0.05593493678675348	-0.05467590511337379
-0.05594862004814803	-0.05469394532423011
-0.05593859547148274	-0.05466281481793621
-0.055961422160124306	-0.05462093214291785
-0.05588309029052644	-0.05468961052669908
-0.05597473920402301	-0.054697333288604204
-0.055894489720924284	-0.05469685713311695
-0.055966770717606654	-0.054720788857438134
-0.055913319262782674	-0.054673607960084726
-0.05585912717488306	-0.05471679746239167
-0.05593959360216133	-0.05464284580309746
-0.055915011698933266	-0.05465927219457609
-0.055902812388568424	-0.054702391827957476
-0.05594122625884377	-0.05466905001710557
-0.05593721401624001	-0.05469012440567466
-0.05590034807011894	-0.05476152573864324
-0.0558520006941156	-0.0546355785587769
-0.055909686513756815	-0.054644581057963444
-0.05588022180059912	-0.05466040138916792
-0.055897707419241646	-0.05467049447877967
-0.055936106694073	-0.05468826644395967
-0.05587694451341386	-0.05475363777206021
-0.05590945771500026	-0.054789096306501466
-0.05587292371579742	-0.0546832491514476
-0.055877040189827365	-0.05466746262246413
-0.05588738550796935	-0.054676410301512886
-0.05587496802898905	-0.054720948794183814
-0.05587925584217194	-0.05468245704003499
-0.05586603066635344	-0.05467449106854536
-0.05585899956299335	-0.05471416566119584
-0.055863322229746555	-0.054750342279079475
-0.055849352179730416	-0.05474814141541251
-0.055801119013855684	-0.05476195362175404
-0.05586350458659179	-0.054709257069688
-0.05585803804256289	-0.05478594622265966
-0.055822474516463855	-0.0547194330133676
-0.05584189420904643	-0.054731032739366275
-0.05579104797721513	-0.054634505804959085
-0.055813471308893685	-0.05473016681810541
-0.055841684242022425	-0.05478705812335953
-0.05578923980720107	-0.05481161046388538
-0.05582786740167272	-0.05477000449047572
-0.05584700171584374	-0.05471437092536996
-0.05579770457339679	-0.05475593388281861
-0.0557830593620051	-0.05482741801154368
-0.055794411578126604	-0.054640483678359664
-0.05578955249368469	-0.05480573286221612
-0.05579568598395274	-0.05478110901228128
-0.05580293389505103	-0.054812977914110404
-0.0557346239925516	-0.054809461309111705
-0.0556960988456637	-0.05478903432808913
-0.05571762981753833	-0.05476128763743423
-0.055754734533188854	-0.05476066840223435
-0.055720292520836115	-0.0547861475837058
-0.055710675269178146	-0.054807213099953574
-0.055723705631544135	-0.05467822993087113
-0.05570603953890148	-0.05479669776326008
-0.055709610119991274	-0.054813076219108664
-0.05569966496889304	-0.05480209026328518
-0.05571480949573507	-0.05482626684904518
-0.05574811551861683	-0.05483688549437167
-0.055679603508758134	-0.05478808330377285
-0.05573919337527219	-0.054899542594969764
-0.055700950705513994	-0.05488600642107694
-0.05564956690959204	-0.054855451234869075
-0.05568668338296958	-0.054864605822332435
-0.05567048627033918	-0.054834077150668785
-0.05571833816103278	-0.05488475112247888
-0.05574272917739528	-0.054905495642382396
-0.055664916071579335	-0.05489221350430363
-0.055721130008609954	-0.05492874415592465
-0.055691669162674394	-0.054725635912189936
-0.05566992888209245	-0.054855781906808
-0.05564203920057525	-0.05489206767540884
-0.055676643090818566	-0.05493620351304482
-0.055650687297014265	-0.054871394160033206
-0.055657595532685	-0.05493426131128044
-0.0556378318510368	-0.0549111471928613
-0.05564010151102404	-0.05493907815922459
-0.05566197907331424	-0.05498393144614288
-0.05560918670406754	-0.054884909765775765
-0.05562821101215288	-0.0549375816262717
-0.05564309618976747	-0.05494888581329967
-0.05562573096718816	-0.05493557008729734
-0.05562659718063023	-0.05487527290417085
-0.05564417182966558	-0.05493332517864358
-0.05557740282954492	-0.05491561921209718
-0.055624296642204626	-0.05498544549229285
-0.055600321316557635	-0.054977523928718894
-0.055640951777955146	-0.0549603931445857
-0.0556140002224634	-0.05495032601299462
-0.05558985381384758	-0.054938958783963134
-0.055564798381109254	-0.05499744960124858
-0.055574693706409675	-0.0549782459055377
-0.05560270495219032	-0.05502307644940421
-0.05558664507681946	-0.05496401151178395
-0.05556494338573217	-0.05496043528016577
-0.05556880760051468	-0.055015458075753074
-0.055581533721040854	-0.05499798639515556
-0.05558609617121319	-0.05500151012818557
-0.0555954190282943	-0.05501108137045192
-0.05557271345485001	-0.05499144353565247
-0.055555353027833994	-0.054975150877158645
-0.05556937973524404	-0.05501407845788759
-0.055546140458237664	-0.05501336508080805
-0.05553685567463737	-0.05502370279339457
-0.05552265720845907	-0.054910862271333474
-0.055583585247765396	-0.055000905654141924
-0.055571760141741984	-0.05496346720837171
-0.05555637868774939	-0.05500704333405757
-0.05553178958631959	-0.055028648118520804
-0.05553495524675742	-0.055020344561609646
-0.055531301229121435	-0.05503474382627119
-0.05551028954023811	-0.05501792207264033
-0.055500070069974615	-0.05499450761132236
-0.055509602962265016	-0.055015736728851225
-0.055507767890577236	-0.055037902251301264
-0.0555391058467105	-0.05503843207297887
-0.05553523398078087	-0.055024986171191365
-0.055537675431961496	-0.05503582473697627
-0.055530484528253723	-0.05503445767735121
-0.055525307708753906	-0.05503395830255535
-0.05552947709751565	-0.055010186415942755
-0.055519521223375654	-0.05502490133811073
-0.055514794562171114	-0.0549907343409873
-0.055521969988294576	-0.05501066511580743
-0.05549445095093013	-0.05502210583262507
-0.05550600938505363	-0.05503357260852663
-0.05548864864486846	-0.055036588732230815
-0.055494969258255374	-0.05505381598434787
-0.05549105566872023	-0.05498556970473557
-0.055503773623236684	-0.0550470165478317
-0.05548527261436851	-0.055052846562871086
-0.05548464688671391	-0.05505998543228583
-0.05549554162574027	-0.05505341140222548
-0.055486104119785655	-0.055067022116430886
-0.05548691651112677	-0.05506261041411935
-0.05547922225523687	-0.055041001796042745
-0.055479847613639055	-0.055055515972698504
-0.055479420454866514	-0.05503767164186412
-0.05548012589222873	-0.05504089474312103
-0.05547562856877767	-0.05505612441850913
-0.05547120350736995	-0.055074361815733865
-0.055451908860336706	-0.055084115647825546
-0.05546870894617631	-0.055081384258641355
-0.0554679535651305	-0.05507262627572411
-0.05544763268697892	-0.05508097023163575
-0.055471348677644146	-0.05509852126944798
-0.05547105117911191	-0.0551012094017548
-0.05544805599725572	-0.05509979794641758
-0.05545659313142863	-0.055104177504766115
-0.05545506351537039	-0.0550950665354811
-0.055467938363378606	-0.05511135075819571
-0.055454102263219285	-0.05510444479159231
-0.05544809808976185	-0.05509727565273304
-0.05544713263976837	-0.05510582630982131
-0.05546284197289096	-0.0551268781946717
