train	val
-0.027442471904981735	-0.028510006891988307
-0.03210072286282615	-0.03375389064738889
-0.0346950932977128	-0.037443562490339595
-0.03670270871125625	-0.03851678548095785
-0.038062303730878745	-0.040680292746621736
-0.039181411055345505	-0.041199467909308445
-0.040130262749744516	-0.04217865042335087
-0.0409751089548209	-0.04277298658102877
-0.041889107966083805	-0.04332366699325503
-0.04251489980704316	-0.04379934102711055
-0.04335701301514343	-0.044545178918060695
-0.04382492402876555	-0.04529965002561723
-0.043642519600329256	-0.04577491504924051
-0.04460039885639919	-0.04659279823589981
-0.04502798531755003	-0.04679463274789918
-0.04558889032550772	-0.04720519173452807
-0.04599136903182377	-0.04767671588050987
-0.04617865283552924	-0.048245405982213156
-0.046818970176417535	-0.048151235266264164
-0.046850091839394294	-0.04894393913806726
-0.04714623661299141	-0.04922100863932448
-0.04766568340956783	-0.049671051212816515
-0.048235328060839355	-0.04959293094451354
-0.04833890145779063	-0.04980769090534907
-0.0483422774636181	-0.049907151243481745
-0.04881802559693915	-0.04994154427353576
-0.04915496054568229	-0.05036650357274386
-0.04938560136351499	-0.05088511129929639
-0.0492775407639345	-0.05128728526140475
-0.04961757966755862	-0.0511032307334596
-0.049676665388725415	-0.0517023034400663
-0.05001001782142278	-0.0512989526769288
-0.05035922494729306	-0.05156917652978224
-0.050560505822058247	-0.05187565821947475
-0.05051209639419489	-0.05212030810996807
-0.05057401894127852	-0.05231973624630884
-0.05114487226509872	-0.05220074053838686
-0.05111936261681301	-0.05242672991697072
-0.0513342832833001	-0.05262398435324398
-0.051576365584951864	-0.05275857106283587
-0.05113955857159641	-0.052582244885262905
-0.05142614967589198	-0.05318604886041954
-0.0515361577231493	-0.05314190231939515
-0.051834836275514495	-0.05318711892618956
-0.05232571528322257	-0.05330326375362118
-0.05202176171480164	-0.053241022415392955
-0.05250205440934309	-0.053317505803946376
-0.052205559258709164	-0.05295427794049901
-0.05251498804607099	-0.053827763915367685
-0.052671062582705	-0.05334633570654763
-0.05247606726841284	-0.0535609958081486
-0.052776002042810514	-0.053786867182658
-0.0529399512418198	-0.05356845123555635
-0.052853765059667865	-0.05382194166628647
-0.05316647398842312	-0.05385773391994175
-0.053191113828206765	-0.05404107692702238
-0.05303138307978446	-0.05402712355083211
-0.05345276647373761	-0.05397398559913106
-0.05322810531064663	-0.05411006362677301
-0.05353386068734578	-0.054254574010822496
-0.053621408948505755	-0.054228274520491324
-0.05363729395311679	-0.0538825003231233
-0.053610708546789995	-0.05407517073964684
-0.053778039187959176	-0.054441258744111494
-0.05401608601638031	-0.05460165201042261
-0.053572599716373466	-0.05443644664681452
-0.05428301430741339	-0.05489900745728265
-0.05420407002697868	-0.0545631402063436
-0.05399580925147318	-0.054646496671512064
-0.05416472325340569	-0.05502231717748649
-0.05402771752228244	-0.05467162040279551
-0.05415687150294534	-0.05492248003388125
-0.05435422320620438	-0.05489360208319766
-0.05449565556018183	-0.05481663119044207
-0.05453538422948998	-0.054389111042196535
-0.05449441179831619	-0.055581104420129014
-0.054502641747715574	-0.05536671850126551
-0.05457784110380558	-0.055084551507778565
-0.054321456886650354	-0.05525582513233511
-0.054464025648292495	-0.054846729167691746
-0.05501117040726553	-0.05485575531326504
-0.05468711737815947	-0.05573832869699059
-0.05503014429436894	-0.055281399174453245
-0.054758749342453235	-0.055677162108239205
-0.05514031840994951	-0.055161303219095605
-0.055053039058876575	-0.0556214307717102
-0.05512721864345202	-0.0553083165135468
-0.05532325461620784	-0.0556710822082363
-0.05522678843510086	-0.0555488918094533
-0.05518281772279722	-0.05597245670358016
-0.05528792062512762	-0.05585652751948741
-0.05530170762183635	-0.05605687889050997
-0.05559551436434152	-0.05584141560465054
-0.05551671085025205	-0.05580568930125842
-0.05567872046757272	-0.05560015164291055
-0.055517359482602335	-0.056057114067870735
-0.05575781789124284	-0.05620869981550548
-0.05576784709953348	-0.05606180072895111
-0.05552210698298678	-0.05610713480821372
-0.055596683331696796	-0.055977823136348685
-0.0557917433424085	-0.056256035917372306
-0.05560697184888661	-0.05648788029754708
-0.05572078539593533	-0.05611538727146208
-0.05564525582099693	-0.056326864317606896
-0.05557873887203903	-0.05625804873391294
-0.05574647172103157	-0.05622707655756711
-0.055574558468231394	-0.05645116488619512
-0.05592992443530935	-0.05629744321445812
-0.05601685547667625	-0.05624296445139421
-0.056340093013188444	-0.056678233294971736
-0.05601131792913842	-0.05660127174784544
-0.05597136461502843	-0.05660142224333449
-0.05582597508131606	-0.05659155513513553
-0.0562730386472874	-0.05637535648606375
-0.05629147586513732	-0.056621775250045484
-0.05635573677810442	-0.05676104894386304
-0.05652567907936481	-0.05677322534006866
-0.05614707748149129	-0.056540200198690396
-0.05645252432687597	-0.05652691650158804
-0.05666469613537309	-0.05658985855141602
-0.056537685824539594	-0.05685245106451415
-0.05657706962871548	-0.056598189906756274
-0.05632283190033986	-0.05698356685347442
-0.0567302417563282	-0.056665541807739625
-0.05633964688957447	-0.056416096038008914
-0.056599374433213764	-0.05665900573601459
-0.0565551958813646	-0.05704230211672731
-0.05670019861664524	-0.05664285988755258
-0.05636139098529594	-0.056686708827991344
-0.05676398769290124	-0.056763297288253696
-0.05680053633639839	-0.05714100844321797
-0.05680888923583992	-0.05667290432029691
-0.056608900851049006	-0.05665262617806035
-0.05685824813335353	-0.05698875269998957
-0.05687692243377622	-0.05676037377854397
-0.05692591957659036	-0.05704307884738482
-0.05690711007609941	-0.05696785188410116
-0.056854464621894626	-0.05719335516754582
-0.05690873639395234	-0.05674386388054836
-0.05679364144445203	-0.05698303289858042
-0.057010038117259396	-0.056686527194210815
-0.05678767872156533	-0.05695059959491445
-0.05703580792562573	-0.05693413188273987
-0.05713204986812206	-0.05702687029284053
-0.05703261136822058	-0.05705441020040789
-0.05724082059203312	-0.05710601345595395
-0.05720723870147026	-0.05734047954795561
-0.05715617671714329	-0.056862385624445094
-0.05713138922564392	-0.05703562456662139
-0.05721432175548508	-0.057114173143519596
-0.05706665343757638	-0.05707806393534636
-0.05715084049761602	-0.057131320079557076
-0.05745965375722357	-0.056890398938714046
-0.056874979367006966	-0.05731271447346192
-0.057017532550434576	-0.057141854635447936
-0.05722954267983875	-0.05772378488036834
-0.05725535241900508	-0.05711304748518111
-0.05726434180673476	-0.057353043271901286
-0.05696645592000519	-0.057165693718887266
-0.05781004864874528	-0.05720177361700855
-0.057429785917446366	-0.057221115867385076
-0.057629501171533565	-0.057226473049592726
-0.057678447837189346	-0.05721428988606068
-0.05768419176031349	-0.057493023889192016
-0.057573987242283825	-0.05717043058435777
-0.057716097703535967	-0.05717545774497212
-0.05788614025660184	-0.05732838405754978
-0.0576123091298606	-0.05720503196534163
-0.05769342778839642	-0.0573369625482711
-0.05748554169902971	-0.05734229189349473
-0.05771450623651448	-0.057459515893308014
-0.05792324518165367	-0.057329536094805914
-0.057642267595155595	-0.057446671012916915
-0.05767702698013448	-0.056885334193834125
-0.0579217614349013	-0.05751201851169164
-0.0580904744179663	-0.05709442283043051
-0.05771075252779719	-0.057214745406194006
-0.05761243046856045	-0.05741375753632318
-0.057716410391920346	-0.05735140020556378
-0.058122186341936125	-0.05741001176223592
-0.05796018194309856	-0.05737916329578519
-0.05794643722385028	-0.05741059914626482
-0.058334380141783354	-0.05741324064197529
-0.058066334729941896	-0.05743910201930886
-0.058168411262792014	-0.057642966655501976
-0.05795422138362735	-0.05737039920611183
-0.05794034187610324	-0.05767245466583112
-0.05823951545712666	-0.05765080464738669
-0.05824986668797645	-0.057523767956081044
-0.058334044513101625	-0.057749276695755865
-0.057963335511467665	-0.05763850246852722
-0.05838641458606898	-0.057505937342671086
-0.05812693268410672	-0.057795574355821944
-0.058252549234853394	-0.0573604540973762
-0.05826256855737942	-0.0580484061401274
-0.0582661505950054	-0.05707704403229155
-0.05831194993538069	-0.057522581845303754
-0.0586446763476856	-0.05726652447779396
-0.05822750218715604	-0.057394759878061336
-0.058549191041285684	-0.057700656611115154
-0.058335747096225375	-0.05750773786629816
-0.058066791162965474	-0.057390366046816556
-0.058284652814312644	-0.05768647589057353
-0.058791198854825255	-0.05789276185283319
-0.05843094675984825	-0.05775070883312527
-0.058682784844368965	-0.057869473126661325
-0.05853870759354449	-0.05776485660070948
-0.0584646649280091	-0.05764853073852313
-0.05827069730381487	-0.05791083428775356
-0.05831429620464301	-0.057728560020727966
-0.058546105640317855	-0.05789808645855599
-0.05838843366161165	-0.05761679290717343
-0.058422233959358326	-0.05796931809922958
-0.05867073389609129	-0.05783135251612545
-0.05838513542079828	-0.05779606666870999
-0.05861830011750609	-0.05775219872692628
-0.05867296390284916	-0.057954053516846835
-0.05885648307417672	-0.05780437320376596
-0.05919807386491732	-0.05810930528562806
-0.05878307994284445	-0.05787518474890847
-0.05870368434515477	-0.057824212886698936
-0.05884186044337092	-0.05776794218394206
-0.058857104708455954	-0.05787896327457265
-0.0589214986516255	-0.05796961400556574
-0.05916284569595011	-0.05765863678896835
-0.058761135296088944	-0.05746348231594514
-0.05910679279802246	-0.05807491228835024
-0.0587678739365746	-0.05785455402443085
-0.05867373676753543	-0.05802423626474823
-0.05867936242528912	-0.05760163695092994
-0.058886815456913495	-0.05805017775595919
-0.05859823568802332	-0.05757582954273688
-0.058566045697020286	-0.05802299138888535
-0.059193486236329654	-0.05763733941913366
-0.05901364078612464	-0.05786083347312103
-0.0592187510743459	-0.05790830658405993
-0.059169371446029274	-0.05749219423232522
-0.05902560508811004	-0.057707595205678544
-0.05885249841510026	-0.05774869812555133
-0.059025089148349745	-0.05765795748829946
-0.059389068503283356	-0.057657102830965964
-0.05942126044179857	-0.05758412873847356
-0.059036433607463114	-0.057667856424674355
-0.05910458070069069	-0.05781109161466232
-0.05932329239938423	-0.05786706459072036
-0.05920332818230602	-0.05781314455452268
-0.05921974897609476	-0.05772594373310975
-0.05894205336074259	-0.05803135175076885
-0.059337288815648995	-0.05764606589847357
-0.05932358876469384	-0.057651408435340876
-0.05932342300044734	-0.0578370917691185
-0.059616193690724274	-0.057484890230750124
-0.05940053239656706	-0.05785293490391888
-0.05937739072870635	-0.05761300427121137
-0.05926861508089595	-0.057975269462746955
-0.05923237711851149	-0.05776438099041066
-0.05962395944203819	-0.05800503976358704
-0.05942279546817854	-0.05776744724148038
-0.05964750508736777	-0.057975340082307425
-0.05941887884951118	-0.05798971480742776
-0.05917394270277353	-0.05777791266686123
-0.05928237662743933	-0.05780697668670522
-0.059356289327996206	-0.0580968414542508
-0.059782664652588954	-0.057873803793841584
-0.05995565197006372	-0.057809134414363854
-0.059383930939328936	-0.05796424487490845
-0.05948140866404625	-0.05806548602964961
-0.05965764538601324	-0.057862322951922604
-0.059590733218670346	-0.05788536131941377
-0.059647278445216036	-0.05800720393540765
-0.05959084870742872	-0.05816671490761257
-0.05952216584097833	-0.05822944382755477
-0.05982963888609066	-0.05798474372306793
-0.059752074822134085	-0.05816443395467952
-0.059574938432416985	-0.05808513846802164
-0.05973481250771704	-0.05819369828007858
-0.05962807725557029	-0.057883293219611665
-0.05987479106938337	-0.05813132608663653
-0.059368597411011095	-0.05814380240325012
-0.059765530066139695	-0.05797451705448351
-0.05950119390853292	-0.05795000359436973
-0.059696263956829865	-0.058327047045141064
-0.05970343832860367	-0.05793508075436941
-0.059938120680953035	-0.05838345598292943
-0.059639050429589474	-0.05797943777099132
-0.05956160462286777	-0.057745787835928805
-0.059746744593907025	-0.058079273545625476
-0.05961139519993711	-0.058138714060511125
-0.05997498530399087	-0.05830277101370862
-0.05985716685059433	-0.05796415387686164
-0.05968480709708523	-0.05818162676803978
-0.05959466048432743	-0.058273036968411546
-0.05955856839617923	-0.05839033333880596
-0.05943282701436897	-0.058196091209109076
-0.06001972295363805	-0.058209202813777845
-0.05962919165275415	-0.05817493241749018
-0.05972351630509608	-0.0580497296766581
-0.05975789328029654	-0.058063600472107624
-0.05966268456806512	-0.057885012715511254
-0.0600256198156191	-0.05784241494600706
-0.059538034111061365	-0.057939415898965445
-0.05965786285304634	-0.05839215334376913
-0.05985327665094898	-0.058114099279119695
-0.059762918683574216	-0.058088535663168135
-0.05965448721966066	-0.05804515718560593
-0.05991324068320874	-0.0578851374501252
-0.05968965101428431	-0.058093235905818746
-0.05994558096049094	-0.057971088961466744
-0.05973360459022736	-0.05798577595984628
-0.05967829285627004	-0.058159955666931544
-0.05979298448962252	-0.05793456961288899
-0.05964305105937244	-0.05821110028906516
-0.05989351589890291	-0.05836750128267923
-0.05979205242548843	-0.05822392848837067
-0.05949339693304972	-0.058134063324013864
-0.05990542779479857	-0.05819526951226336
-0.05968281074991093	-0.05829352946312894
-0.05983428586088225	-0.05815774558784331
-0.059555498426627766	-0.05786826657315334
-0.059676285577025166	-0.058125258512097266
-0.060178321223067266	-0.05823473347206855
-0.06014106931022484	-0.058371608672347905
-0.05992276296709298	-0.05819589595462991
-0.05974407924487502	-0.0580896245921145
-0.05994041920875875	-0.05833471350526287
-0.05990466684244344	-0.05848404837352792
-0.05974524791569585	-0.05826917377225309
-0.06027299034438011	-0.0583470621740126
-0.059633619911834315	-0.05839808408470761
-0.060256494771403116	-0.058281992233885534
-0.059938367293551446	-0.05826269940171722
-0.06020125964738154	-0.058326215566872563
-0.06001164806026913	-0.05834259113656317
-0.05990522223960561	-0.05819455862033039
-0.05992040018705878	-0.05811144367241835
-0.05980861695926664	-0.05840920540113779
-0.06001212730857776	-0.05835301505378114
-0.060133353905950204	-0.05838169513579293
-0.06027191093790532	-0.058041593100776494
-0.06031073828950997	-0.05831309909286501
-0.05987621137567138	-0.058279836143247096
-0.060307282554144866	-0.058387585971170164
-0.06016958109110519	-0.05830981725665022
-0.0600322321834374	-0.05823118012070095
-0.06005411974074321	-0.05784386104774344
-0.060312272629174074	-0.05832524528907803
-0.0599038911441625	-0.058331695501611
-0.060180735483421344	-0.05828335146784632
-0.06004133607679545	-0.0583550740840815
-0.06016131676854902	-0.05842065680214234
-0.06020137779615621	-0.058347459222483196
-0.060255896421115895	-0.058224581150103004
-0.06025941765671496	-0.058188375739988855
-0.060359888037996	-0.058417955442708336
-0.059959299141912274	-0.05825378553703119
-0.06004526538406374	-0.05811378775288636
-0.06030415919368627	-0.05857008124441773
-0.060360813052828165	-0.058325016012799595
-0.06009068869072512	-0.0583321351538247
-0.060327693436610035	-0.058167420501451024
-0.06023459223839469	-0.05853316436577365
-0.0603321027222429	-0.05829506246222791
-0.06063134285969189	-0.05853450011999216
-0.06017397760439942	-0.05840782686632365
-0.060122526443834846	-0.05834840754856661
-0.06047705098880287	-0.05828033617954068
-0.06015367236880451	-0.05818717946820272
-0.0601683677839035	-0.05826523510279054
-0.060010691208302505	-0.058472773314136375
-0.06023751848042397	-0.05825336051094911
-0.06044875972988218	-0.058260810049382154
-0.06005277512887824	-0.058292711374261674
-0.0602373598508616	-0.05826913900229805
-0.06038711319732177	-0.05814095106418355
-0.060318770033709	-0.058220951055493686
-0.06040091101044933	-0.058308400398258256
-0.060250085466408816	-0.05826240558156204
-0.06045905600269518	-0.05828650976142698
-0.06041984891691559	-0.05831856461349151
-0.06025373224601479	-0.05841628124967945
-0.06027081802303519	-0.058309374427632184
-0.06038815322841983	-0.05852394674656814
-0.0600873085945401	-0.05831543793917949
-0.06023476957781346	-0.058423583687142074
-0.06043825290614364	-0.058408633047716214
-0.060517030706309476	-0.0584520859018423
-0.060342741178156294	-0.05836041224614508
-0.060318851871482844	-0.05850028900568311
-0.060731656756370545	-0.0583975855786838
-0.060493877282346106	-0.05850922119678934
-0.060220123475961264	-0.05858249719545443
-0.06018993515611066	-0.05836171531881917
-0.06010058213597451	-0.058473406484122734
-0.060240052794537965	-0.05861847165215489
-0.060355375102181294	-0.058484634953863406
-0.06013906946590722	-0.05836456964808231
-0.06061188073579766	-0.05847548980918947
-0.06051643099283085	-0.058672154850087595
-0.060690680580499395	-0.05850202163335431
-0.06001903979485383	-0.05830233411135007
-0.06041346257275505	-0.05846995662783462
-0.06030667224154122	-0.05849640290218192
-0.06022605012911484	-0.05853761297724787
-0.06017715390463922	-0.05846637785897497
-0.060202855122970675	-0.05865523629970724
-0.06003396432908109	-0.05849943564201689
-0.06030055510083676	-0.05856960000215399
-0.060304693093660544	-0.05860166034006062
-0.060574133833522045	-0.05857296531168931
-0.06025472194987248	-0.05840023790078636
-0.06053351797333562	-0.058372954544541784
-0.0604051711254545	-0.05863242760661554
-0.06020462063407014	-0.058525853480061237
-0.06003358847054546	-0.058632111358367836
-0.06009495680752777	-0.05863551228557125
-0.06044995997712956	-0.05845399830253953
-0.06042162006596418	-0.05862619746242929
-0.06041118573063049	-0.05847063392476691
-0.060294820940489505	-0.0584378584840692
-0.06015306099534633	-0.05822135308875562
-0.060488304580456856	-0.058428173567858115
-0.05997811177891187	-0.058545024850301865
-0.06064800290408207	-0.0587884136168782
-0.0601031543493551	-0.05845651109200441
-0.06044362784559884	-0.05855278453467242
-0.06012623262880235	-0.05850555672298818
-0.06024950197715375	-0.05852314327751838
-0.060247073573831716	-0.058490793786135045
-0.06060475173081484	-0.05847366990282863
-0.06071154583760288	-0.05836492881960363
-0.06030891670393978	-0.05845444216874641
-0.06051760814999372	-0.05855767883448438
-0.060282892933573265	-0.058631057319090525
-0.06039825033904359	-0.05822066245084084
-0.060260974967919205	-0.05847609825542374
-0.06017207152523809	-0.05846903935863832
-0.06054285346607245	-0.058503323166785505
-0.060478597113202526	-0.058326043342372735
-0.06032209983104029	-0.05851620277103112
-0.06038079031598958	-0.05839255388674027
-0.06040919120740949	-0.05842358052880237
-0.060300431353653115	-0.05871949068202345
-0.0602160871527522	-0.05859987933539151
-0.060123880038034205	-0.05879500189964679
-0.0603892727682843	-0.05867144488011139
-0.06068685893984767	-0.05872182175517859
-0.06030330607119633	-0.058443278895642534
-0.06043266372529895	-0.058574728288540504
-0.060694719170732846	-0.05868526476054373
-0.06020905551020338	-0.058715053348904214
-0.060447997300023704	-0.05866127883477149
-0.06017195744082242	-0.05877405964145725
-0.06067185819523309	-0.05865219957940173
-0.06046833020796265	-0.058499122899020865
-0.06060809642977638	-0.05865388834070173
-0.06049495590185132	-0.058641688522634065
-0.06051963431041882	-0.05869815009066128
-0.06072078984708513	-0.05855793925466847
-0.06057351660322188	-0.05872551910223801
-0.06037020096548408	-0.05849768923470109
-0.060326634709199814	-0.0586881258477592
-0.06043809680082116	-0.05839435734292639
-0.060661539852576746	-0.05877353848933935
-0.06085028292055195	-0.05879650019052039
-0.060557670915455324	-0.05869066656568145
-0.060289081082446065	-0.058820274521702645
-0.060536337554904736	-0.0587001054116367
-0.060267972106835904	-0.05877090145877402
-0.06014313680887274	-0.05897598754290331
-0.059964794906468444	-0.05863974807183561
-0.06025498276167952	-0.05858811921765387
-0.060347384503726814	-0.058986184502996766
-0.06005740208409069	-0.05871982216878425
-0.060355446060826934	-0.05867882327797585
-0.06070983880535566	-0.05884851117099736
-0.060650816011147864	-0.05871089767419486
-0.06037078407196969	-0.05873394785605824
-0.060390134406860606	-0.05868925582322115
-0.060634476393574915	-0.05858860159043257
-0.060256586223676016	-0.058756111812012804
-0.06055555856170347	-0.05872162500544937
-0.06037003830264535	-0.0588034274253799
-0.06058120704906398	-0.058809453475420985
-0.06064035308105169	-0.05881004914012976
-0.06035572527022427	-0.05883388749386629
-0.06018961763998607	-0.05847881101767693
-0.060731198164003714	-0.05868754186200532
-0.060441552232692555	-0.05899748648432287
-0.06049457115088035	-0.058735249966345306
-0.06030205555236652	-0.058627287438171805
-0.060333284875150404	-0.058773570814789955
-0.06069198518268943	-0.05866739669802901
-0.06036064071393032	-0.05899807194368862
-0.06042371162867309	-0.058565856834099324
-0.060400060762637035	-0.05873603976994723
-0.06059333441790993	-0.058802749214697206
-0.060255808771870444	-0.05874347861410824
-0.06069622246478679	-0.058908131227760445
-0.06077631723647957	-0.058755526234768284
-0.06062171896302939	-0.05885870008388576
-0.060657684109386246	-0.05878893780570323
-0.06093532432231405	-0.05856786181807554
-0.060351457484986666	-0.058778596906072546
-0.06080200259414368	-0.05871882154063891
-0.060518197207466005	-0.058876853103625
-0.06015175793917031	-0.05878851287282976
-0.060561088894360154	-0.05882178574224935
-0.060594189839959636	-0.058557879386580046
-0.060322466980799905	-0.05884773731456175
-0.06058935540965947	-0.05886469729210872
-0.06037418950257091	-0.05904739742945388
-0.060412566432134905	-0.058873142095172755
-0.06063146261818056	-0.05902638632649372
-0.06035343075227226	-0.058816958051705635
-0.06052486094903077	-0.058658390665601724
-0.060806513803581	-0.058863048668108896
-0.060537403451471634	-0.0589373363503141
-0.06073343284373255	-0.05877850214526554
-0.060708831823808755	-0.05870400781238524
-0.060385971912730214	-0.059177377009452664
-0.06084418834405446	-0.05896558321345305
-0.060895119125726135	-0.05895427616939991
-0.06063489122394451	-0.058862294483354956
-0.06042142647662834	-0.058901623710448436
-0.060624729181004	-0.05924341272102353
-0.06060116070044568	-0.05907578595936789
-0.06019771865696842	-0.059034764324233185
-0.06041380684734562	-0.05889855514507643
-0.060533902672439605	-0.05881266139186602
-0.060725336633128936	-0.05862440156886782
-0.06046819440525734	-0.05908186838981523
-0.060823170368315096	-0.05893095018148354
-0.06059058316548403	-0.058896619268756265
-0.06048564235505117	-0.058844305643506865
-0.06040496163483605	-0.05910512284774717
-0.06020755715679004	-0.05917283522976257
-0.0604304597297021	-0.058782144383350415
-0.060228150187590125	-0.058826337934072645
-0.060600614664070816	-0.05886364758410845
-0.06031318763989148	-0.05903432061531572
-0.060633480105059555	-0.05906105249194143
-0.06062367720170358	-0.0590336935206848
-0.06105368206641739	-0.05904051444863586
-0.06047293396899176	-0.05908102791992269
-0.060620896372244146	-0.059019260043301075
-0.060329032581180456	-0.05895595248004748
-0.0602292136280562	-0.0589435372095803
-0.06082340174072268	-0.058845201021614515
-0.060762324994659285	-0.05921169531715068
-0.06005710278688193	-0.05896195016666254
-0.06041064382740629	-0.0592027403915665
-0.06047466662407687	-0.05913475666162494
-0.06073469515775773	-0.058922003524878704
-0.060407028374607194	-0.05902982042870772
-0.060634049286934416	-0.05883549514683432
-0.060732945818109126	-0.05891737755300333
-0.06078265129590665	-0.0589016356999367
-0.060547037278093296	-0.058883847563443587
-0.060643358691353434	-0.05909051180556889
-0.06026156417716694	-0.0589962203501596
-0.060449666159449925	-0.05917461684173055
-0.06081911821768302	-0.058926594740562534
-0.06074146644547939	-0.058958426970698814
-0.06039029330276149	-0.059038702850775976
-0.06047095371002502	-0.05936148201878704
-0.060776430817070876	-0.05918263704097768
-0.06039416525494463	-0.05913788297528246
-0.06046029524869646	-0.059009140353360405
-0.060682520790827435	-0.058941866963943594
-0.060691062745184474	-0.059136478140566315
-0.06043988989484489	-0.059123282022123934
-0.06102512095653691	-0.05923835959361884
-0.060549535233342444	-0.05907867078058664
-0.06018278658241069	-0.058798544104936984
-0.060898048326247706	-0.058857926704869265
-0.06036840652458459	-0.05887288930264451
-0.06054292923068159	-0.05903173466612447
-0.06058088075359423	-0.05906952922071504
-0.06082831841559991	-0.05922724268625058
-0.06026258060286771	-0.0591246060608239
-0.06073793445144686	-0.05921043379117351
-0.06061270177678856	-0.05920302877385134
-0.06071606355657735	-0.05933877391686045
-0.060352520299981	-0.05917599664438594
-0.06062267294148399	-0.0591679158498534
-0.06054355478448689	-0.05908574485758033
-0.06079037380077406	-0.059199283884012716
-0.06042508943938767	-0.059174778310409404
-0.06089607053926026	-0.059293681796268746
-0.06083246633471745	-0.059289791685609695
-0.060688268946225865	-0.05929083857831538
-0.060280459180080105	-0.05932738637921281
-0.06074710204375688	-0.059276781200581635
-0.06040506535002594	-0.059150234656081546
-0.06057911027491882	-0.05913732754550211
-0.06059796238423525	-0.05914617753163565
-0.060633695735370724	-0.05925481897161119
-0.060344410086042695	-0.059108107598243205
-0.06081672067426956	-0.05962636496481134
-0.06010499769049852	-0.05905072174822669
-0.06093840893622583	-0.05913782995634539
-0.06062635680352269	-0.05905518152562314
-0.06086765538297967	-0.05916337121857394
-0.06018609273199527	-0.05948211714762928
-0.060749841886088354	-0.059527620839664716
-0.06062239335506779	-0.05927690802954387
-0.060789223067981554	-0.05918999792931649
-0.06043782364840149	-0.05931600196744303
-0.06056531326907991	-0.05924809168581448
-0.061063977127197994	-0.059160959187290245
-0.06040275050629283	-0.059377021027323285
-0.060532268278177585	-0.0592679950809123
-0.06051437898228979	-0.058786328637106144
-0.060786922545601044	-0.059258534483282395
-0.060715869021932746	-0.05886117253648311
-0.06035547422859294	-0.05916630931075678
-0.06061654438996186	-0.05931637568942036
-0.060826821416095966	-0.058980757088929026
-0.060667430188178266	-0.05928930195179076
-0.06088229380501206	-0.0592454902346883
-0.0605233244218744	-0.0591850927729788
-0.06086570652227693	-0.059020937912742044
-0.06050528248746487	-0.059394270449465124
-0.06047007833752851	-0.059277117571508206
-0.06067311912726071	-0.0592690281862954
-0.06073524129798586	-0.05918496744938252
-0.06026699747555614	-0.05920904448187708
-0.06046217883761457	-0.05909798662475636
-0.06061161232428067	-0.059364770173418305
-0.060744677062576344	-0.05911153873261591
-0.06048245302295848	-0.059264515181513225
-0.060563826102346306	-0.05924124682112907
-0.06066724846020332	-0.05936821430050481
-0.060361886244966155	-0.05940750204225746
-0.06077745886786713	-0.059223996138582105
-0.060814989507527104	-0.05951020872116185
-0.06078401395671773	-0.05922841170397709
-0.060453302822384127	-0.059078820024995087
-0.06112428072114858	-0.059085723849388753
-0.06059725695997531	-0.05922411502449953
-0.060812131382291586	-0.059476460147691604
-0.06075744360349951	-0.05940639063692137
-0.060789742926699565	-0.05931832588210603
-0.06071737005450306	-0.059448200477995414
-0.06104665945359753	-0.0590510850798253
-0.06068108460760059	-0.059390175550233945
-0.0607530524867412	-0.059160226953626466
-0.06068183077856686	-0.05918123540811256
-0.060887780599459505	-0.05915609846265508
-0.06055112261715544	-0.05943573100397821
-0.06068820917898411	-0.05930634371467278
-0.06058797321619498	-0.059469350144763976
-0.060422659573195404	-0.059382641434769866
-0.06060953583553201	-0.0593054842881079
-0.060502003371349346	-0.059614822799380164
-0.060702598743806596	-0.059479722150765114
-0.06086132500960942	-0.05926238389526113
-0.0606442496144162	-0.05942586865350935
-0.061083874547675374	-0.05929951824621112
-0.06060352007863013	-0.05934669333497593
-0.060636932053781026	-0.05935607285449006
-0.060315330073944726	-0.05922297353201458
-0.06024724457425679	-0.059145298381945946
-0.06075105041995923	-0.05943559488383224
-0.060814705700069714	-0.05959628297739635
-0.06070537887153055	-0.059324328455816526
-0.06065147389084246	-0.05932648057352423
-0.061020447002834745	-0.05943022211597928
-0.06071790679328655	-0.05909008762444944
-0.06069251490972489	-0.059323054758240915
-0.06080392638241406	-0.05918873337554444
-0.06068149283422316	-0.05945206379211239
-0.06078266922464029	-0.05927981156920542
-0.060813619648543975	-0.0593786600984904
-0.061094919000904815	-0.05940688991323551
-0.06068125355549619	-0.05936633455852396
-0.060628895274885894	-0.05927728145935116
-0.060681601689018864	-0.059406000916365394
-0.0612144794357846	-0.059567963395133025
-0.060952366304694604	-0.059629331398619645
-0.06080319062274764	-0.05946535016044952
-0.060623398031151854	-0.05951079832000678
-0.06081838576936628	-0.059534040849530394
-0.06070597702095873	-0.059295465152956216
-0.06056900788693391	-0.059300447951848544
-0.060388307505108436	-0.05956868673995841
-0.06086150010186009	-0.05970547118621915
-0.06059818042087659	-0.05943903103784181
-0.060856298023663234	-0.05948947679344514
-0.06077434447494325	-0.05948308221623235
-0.06045012694244591	-0.0593397998683554
-0.06077390921435813	-0.05957477933434537
-0.060606596691274044	-0.05949054642925612
-0.060802581130304775	-0.05945218655285271
-0.060729192420344566	-0.059407288969878
-0.06085246299053151	-0.05969317503413939
-0.06061586877846211	-0.05950741958594661
-0.06057488712700291	-0.0594620837561134
-0.060895506202322015	-0.0593680085210196
-0.06069051445287913	-0.059347488499420495
-0.06090003306672816	-0.05952426009499925
-0.06099142370120003	-0.05923279426362868
-0.060677187127575694	-0.05942456585505091
-0.06109252325403285	-0.059274428294011285
-0.060757710162118055	-0.05930791418694373
-0.06049569084101092	-0.058893882285702054
-0.06049142398688451	-0.059557752543343855
-0.060696290251602274	-0.05930910275329142
-0.06096830789315562	-0.059535834636563846
-0.060990019037019755	-0.05949663116710067
-0.06077508968555465	-0.05946299979832733
-0.06074302013009951	-0.05937272234034309
-0.06089243132868561	-0.05961921430879621
-0.06089240641341571	-0.05915622028752089
-0.060776878771321555	-0.059396068714438435
-0.060810537906996	-0.059118014841012305
-0.060969803673742	-0.05941754393627973
-0.060884521327366686	-0.059493477853137904
-0.060591628145356305	-0.05950439904710812
-0.06075552342960109	-0.05965277822851489
-0.06061595413124608	-0.05938434868541072
-0.060691894020183025	-0.05939419783687686
-0.06058837347243574	-0.05939402168712854
-0.060817844965604065	-0.05936271568550235
-0.060661122964983036	-0.05931250528750681
-0.06061990396066869	-0.05933693015499986
-0.06085504455221161	-0.0591239423005637
-0.06066216610222459	-0.05953530420299372
-0.060828765925431655	-0.059828987232856574
-0.06067638834330116	-0.05943538832695176
-0.06074576371525359	-0.0594633939880718
-0.06081628622535126	-0.05916616193969053
-0.060697151109358145	-0.05937171986604518
-0.06025045631979658	-0.05966755080868131
-0.06076542750524235	-0.05922635897385018
-0.060293480154842455	-0.05965503971513376
-0.06095022456822608	-0.05934338602592594
-0.060748787061431005	-0.05936521132637063
-0.060857970334227504	-0.059385341763844315
-0.0609885109889223	-0.059575155008295265
-0.06094110195074127	-0.05955473478672523
-0.06070324900103975	-0.059562980344082805
-0.06078358634525273	-0.05962405749957319
-0.0606352256375413	-0.059123685175399114
-0.06029957094788791	-0.05928892667090495
-0.06035007884678679	-0.05940493305442072
-0.060716988466676884	-0.05933962917602491
-0.0605296588565273	-0.059623416506768265
-0.06122977438060692	-0.05950223249223856
-0.06070630346789547	-0.059644028243462884
-0.06084275795443223	-0.059356807916443155
-0.06107277417455196	-0.05945773976685675
-0.060863103694622264	-0.059545383158286544
-0.06101905168339457	-0.05944779429803699
-0.06078681945399448	-0.059118738849687893
-0.06102610329121617	-0.05954892181721188
-0.060750398268271256	-0.05938386797449035
-0.06078243468182808	-0.05946220851215619
-0.06076307573372854	-0.05941626467776197
-0.060831834268330165	-0.059670735475587273
-0.06101391646206326	-0.05964812543734267
-0.06096752682331836	-0.05947974913442548
-0.0608602051717042	-0.05971805645892475
-0.0608835048873922	-0.059533933163582256
-0.0608066629886196	-0.05942077338716543
-0.060721498962745396	-0.05946480244422782
-0.060521717086872436	-0.05966511787631891
-0.06090130866484282	-0.059516336836089145
-0.061061999677178146	-0.059394902523175176
-0.06100903409541872	-0.05943579444354661
-0.060722054929176025	-0.05953747821437804
-0.060879168316462305	-0.059192907108852354
-0.06071916808323098	-0.05934553973727653
-0.06097978548692815	-0.059508664716040244
-0.06103089079480339	-0.05911540908300871
-0.06104660462310797	-0.059326888872433106
-0.06105940212428255	-0.059517749812622193
-0.06061117893497422	-0.059447340706594354
-0.06077543330555659	-0.05926745467433817
-0.060717201443832636	-0.05976360744235887
-0.06066944993460987	-0.05953016154907626
-0.06104551430103406	-0.05963528393414883
-0.06122898823433507	-0.05954494631087626
-0.060441635301921315	-0.05980656596822894
-0.06074840138658646	-0.05976363126447973
-0.06092899129113151	-0.05960857396374657
-0.060764104585673086	-0.05924167138745957
-0.06105976750660859	-0.05940153935342499
-0.060666379922767834	-0.05934271810148645
-0.0609093515241802	-0.059408073713764394
-0.06064881181905838	-0.059548630179669076
-0.06092367388217606	-0.0594833927272259
-0.0607159802222663	-0.059480672219933105
-0.06070748323286699	-0.05961549701321426
-0.0606081307332643	-0.05955014602966321
-0.06121543189583517	-0.0596581787005903
-0.060442242186827796	-0.059649558486335484
-0.06068598143365625	-0.0594172481045084
-0.060359713677379745	-0.059529989179532845
-0.06106197363838763	-0.0594047083223036
-0.0608858357464049	-0.05957230170773266
-0.061070028168304875	-0.059377051121687584
-0.06079697968069725	-0.05917722646832798
-0.06099511868296246	-0.0592879119955899
-0.06069157527787101	-0.05968425503398734
-0.060941553336858204	-0.05963612902925435
-0.060441670978444176	-0.05983661756458256
-0.061071152920759805	-0.05959908846658657
-0.061149469961244235	-0.05963875455852673
-0.06071200854795972	-0.05954286030209027
-0.06037433002047766	-0.05967255868589823
-0.06076344639433927	-0.05958908542720164
-0.061168959295157616	-0.05968152321713654
-0.060810524216071506	-0.05966676805555929
-0.0606544849769344	-0.05940058660808513
-0.06089895938103667	-0.05963149309092304
-0.0607639460049052	-0.05940876527227352
-0.06103569985340701	-0.05976301737888743
-0.06117332906250167	-0.05946034932861767
-0.060744116230173235	-0.059387568031457866
-0.06136343084694228	-0.05980986282462297
-0.06085463442933641	-0.059530074743774974
-0.061196502421125565	-0.059678032334088305
-0.06095558287779246	-0.0594726128815375
-0.061195198095981375	-0.05966085144283901
-0.06045828429067443	-0.059744906215812195
-0.06087917524177171	-0.059805988612669975
-0.060936696971714235	-0.059765081975723736
-0.060818629412761345	-0.05948524013516295
-0.0609397991253581	-0.05953911434037856
-0.060656889596640694	-0.05933337224850772
-0.06111624552493643	-0.05938029490354168
-0.060923032939194384	-0.059633670412516854
-0.060865581905771765	-0.059429951801845356
-0.06104742268343007	-0.059432089471076734
-0.06090561154699562	-0.05992880836329732
-0.0609310304967724	-0.05953591635742359
-0.06078615353583478	-0.05982446430451195
-0.060835732301499634	-0.05974528438225669
-0.061062983399547605	-0.05928349266408149
-0.06087077658243784	-0.05944631221360986
-0.061126318118128554	-0.059469953429657836
-0.06091200994079614	-0.05952550334547352
-0.06058191109374077	-0.05941502282236177
-0.06077579970332323	-0.059398818223672746
-0.06042593991984167	-0.05973892689855675
-0.06101665758179724	-0.0596321015080568
-0.06079013548413491	-0.05973679341969933
-0.06112772286632737	-0.05954401307569186
-0.06067095649580244	-0.059541572934443086
-0.06107336563301008	-0.05946000242777609
-0.06066578457419539	-0.05944759091872747
-0.060822317524042435	-0.058944023684165764
-0.06064508218226254	-0.059317494129925166
-0.06065855873629402	-0.05962799638924489
-0.06083245569573638	-0.05967577901501789
-0.061152206723502286	-0.05964974380656308
-0.060884596094610534	-0.05963252993861003
-0.06080697917447067	-0.059288189397835235
-0.061039026266850885	-0.05959866781909956
-0.060950874304011006	-0.05943408169563402
-0.06104578273078214	-0.059675939907195684
-0.06114607273431047	-0.059559942804851475
-0.06091185934801508	-0.05910261099632079
-0.06045516485747746	-0.059435325477097824
-0.06102196060513822	-0.05979310899177563
-0.061075702403209	-0.05992863579533217
-0.0610423083875803	-0.05952519445540487
-0.06094337600672971	-0.05953734785017347
-0.06059437472303544	-0.05936057463685943
-0.06102308959030636	-0.059186943523761165
-0.06097852803195568	-0.05985329151526449
-0.061048252800218375	-0.05959291526762277
-0.06099935923509178	-0.05955500516530931
-0.06110347868547874	-0.05952923757096429
-0.061018364052925794	-0.05936138191553733
-0.06110627424057773	-0.05928577870282499
-0.06086240178437457	-0.05971166750897742
-0.060996585645508465	-0.059696494089594695
-0.06086933111120497	-0.059795709549614065
-0.06100484244616836	-0.059699740936150034
-0.060980447015778524	-0.059781010060140576
-0.060586437242499916	-0.059368485810579456
-0.060999341958908784	-0.05946105488103419
-0.0611846968377413	-0.059413526326503985
-0.06113112865497348	-0.05956453057052815
-0.0611666315499106	-0.05955047122055585
-0.0609430023437709	-0.05930482200876974
-0.061065828040376996	-0.05933657436328703
-0.06131026841725007	-0.05937919508629158
-0.06090720041455092	-0.059665890048727944
-0.06088555000103043	-0.05974574295002479
-0.06122770912531482	-0.059417542510165164
-0.06125178625708207	-0.05927162962570782
-0.060931314644307746	-0.05967102243521713
-0.06117172952707909	-0.059654659025993664
-0.061222757656558324	-0.05938694708359691
-0.06077041932180079	-0.05954417685904694
-0.06099259970468748	-0.05959268106390316
-0.06080527822497245	-0.05970298054331961
-0.060909874404714986	-0.059449298641678326
-0.0610565013419047	-0.05958331145882685
-0.0609727191915142	-0.05945781501483341
-0.06082822011883247	-0.0596007746129656
-0.06108326036461388	-0.05955375677951831
-0.06097751873688318	-0.059300810329551805
-0.06080418582920901	-0.05970407556107888
-0.060927631571486535	-0.059862149587558894
-0.06106261246315613	-0.05959776977611381
-0.061344710859498254	-0.05961632308781018
-0.06069756137036526	-0.05953929306556893
-0.06115408234138445	-0.05976473703238672
-0.06109550842497864	-0.05950373497128847
-0.06119108244100098	-0.059880362926384885
-0.060728782419119214	-0.059848357855743245
-0.0610192407041819	-0.05958646539145654
-0.06108152773481837	-0.05974335619222262
-0.06104287468341155	-0.05993760872792236
-0.06123127465326462	-0.059606271415401216
-0.06105405665224087	-0.059615256878087663
-0.061235007312978	-0.059777111818146406
-0.06132318602601826	-0.059279816089153864
-0.061057749143067205	-0.05958551678982086
-0.06076005582272148	-0.05985669977677385
-0.06089513621169656	-0.05980306951853083
-0.06095289693511538	-0.059665020233956124
-0.06089873945038727	-0.05927763791974475
-0.06144063621907831	-0.05957368810519623
-0.061231694088354174	-0.059657518789825156
-0.06102564205318461	-0.0593606134453928
-0.06097422211591356	-0.059803275154293255
-0.0610693646350327	-0.05963526966648121
-0.06079802361189225	-0.059753457700222244
-0.06113821343683687	-0.059593927677667496
-0.06091411837644632	-0.059627669581793115
-0.061402576048255914	-0.059739703158505075
-0.06100639167132575	-0.05916983474340036
-0.06096643837179905	-0.05962208976489575
-0.06109728242430338	-0.059929514328889905
-0.06118587852815021	-0.05998133726830503
-0.06103664987718342	-0.05960169907599486
-0.06073417772004552	-0.0597313882122438
-0.06128299228525833	-0.059758720383797294
-0.06094952573902205	-0.05935887059985293
-0.06108045293723617	-0.0596720737812542
-0.06112330391305275	-0.059651658762816466
-0.060997188706355635	-0.05948025787474131
-0.060935604897315865	-0.05987571912597565
-0.06091453627842966	-0.05952279339051681
-0.061231312116492694	-0.05985728643223352
-0.060896512652569096	-0.059929357322081205
-0.06132191218132585	-0.05959798173831479
-0.06149558384994591	-0.05965095862978229
-0.060993282480747715	-0.059786705681994214
-0.06096243653306876	-0.05972500826752795
-0.06101502385686786	-0.059868111071267785
-0.061355282394416365	-0.05995800889376804
-0.06099381188934745	-0.05968135765574871
-0.06113052935743937	-0.06001817778387084
-0.06140314603425154	-0.059524642706616414
-0.06094858841261291	-0.059671332333485996
-0.06092422582595134	-0.059461526370358044
-0.06113745376490805	-0.05962187073511252
-0.06127961004983269	-0.05975578828310419
-0.06101627522844214	-0.05951790873983003
-0.06131742958020658	-0.059396332824685066
-0.061145341037479664	-0.059539688491412716
-0.061470036226842564	-0.05929833734774426
-0.06097841687342613	-0.05972874310679167
-0.060669597086025984	-0.05972647561125465
-0.060779633249756534	-0.059525744390420555
-0.061187200530361203	-0.05921488582599967
-0.061252304859090265	-0.059413533873454896
-0.060993231231939275	-0.0594502105699219
-0.06144763794876377	-0.05963163854544938
-0.06125055346108566	-0.059509933826572166
-0.06115567021738025	-0.05953179431061333
-0.06154861739303485	-0.05959754627942648
-0.06096771790564214	-0.059815637967240966
-0.061149161728760344	-0.05965710929381119
-0.061148767428323106	-0.05938054294296553
-0.06098466687793692	-0.05954037328065339
-0.06107712896918564	-0.05966380189791417
-0.06135919160242556	-0.05981403856592187
-0.061311224607528976	-0.059652101645500624
-0.061349294646486134	-0.059493934760299384
-0.06098038388512573	-0.05952005220010782
-0.061202584775141435	-0.05943551005374872
-0.06120066470066527	-0.05966553205830834
-0.06111021219471456	-0.05978422468732929
-0.06125090203938106	-0.059480127947608735
-0.06123832745773604	-0.059651289075882394
-0.060898580771943475	-0.059612739623739724
-0.060927501357515415	-0.05952865038722255
-0.06096144550909845	-0.05930024404355485
-0.0614710603903505	-0.059605545560263214
-0.06135035324372507	-0.05984049042845471
-0.061060286743743114	-0.059783677222953295
-0.06075872336928411	-0.05910180287171468
-0.06154954455006799	-0.059880539211790006
